2.000000
1.500000
1.333333
1.250000
1.400000
1.333333
1.285714
1.250000
1.222222
1.300000
1.272727
1.333333
1.461538
1.500000
1.533333
1.625000
1.647059
1.555556
1.578947
1.500000
1.523810
1.454545
1.391304
1.333333
1.280000
1.230769
1.222222
1.250000
1.206897
1.200000
1.225806
1.218750
1.212121
1.205882
1.200000
1.222222
1.270270
1.263158
1.307692
1.325000
1.341463
1.380952
1.372093
1.386364
1.422222
1.413043
1.446809
1.458333
1.489796
1.500000
1.470588
1.442308
1.415094
1.388889
1.363636
1.339286
1.315789
1.293103
1.271186
1.250000
1.229508
1.209677
1.190476
1.171875
1.153846
1.151515
1.149254
1.147059
1.144928
1.142857
1.140845
1.138889
1.136986
1.135135
1.160000
1.157895
1.155844
1.153846
1.151899
1.175000
1.185185
1.195122
1.204819
1.226190
1.235294
1.255814
1.264368
1.272727
1.292135
1.300000
1.307692
1.315217
1.322581
1.329787
1.315789
1.302083
1.288660
1.275510
1.262626
1.250000
1.237624
1.225490
1.213592
1.201923
1.190476
1.188679
1.186916
1.185185
1.183486
1.181818
1.198198
1.196429
1.194690
1.201754
1.200000
1.198276
1.196581
1.203390
1.201681
1.200000
1.198347
1.196721
1.195122
1.193548
1.192000
1.198413
1.204724
1.218750
1.224806
1.238462
1.244275
1.257576
1.263158
1.268657
1.274074
1.279412
1.284672
1.289855
1.294964
1.300000
1.290780
1.281690
1.272727
1.263889
1.255172
1.246575
1.238095
1.229730
1.228188
1.220000
1.218543
1.217105
1.215686
1.214286
1.212903
1.211538
1.210191
1.208861
1.207547
1.206250
1.204969
1.203704
1.202454
1.201220
1.200000
1.198795
1.203593
1.208333
1.207101
1.205882
1.204678
1.215116
1.219653
1.212644
1.205714
1.198864
1.192090
1.185393
1.178771
1.177778
1.171271
1.164835
1.158470
1.163043
1.156757
1.150538
1.149733
1.143617
1.137566
1.131579
1.136126
1.135417
1.139896
1.139175
1.138462
1.137755
1.137056
1.141414
1.145729
1.145000
1.139303
1.143564
1.137931
1.132353
1.136585
1.145631
1.140097
1.144231
1.148325
1.157143
1.165877
1.165094
1.169014
1.168224
1.176744
1.185185
1.188940
1.197248
1.196347
1.204545
1.208145
1.207207
1.206278
1.200893
1.195556
1.190265
1.193833
1.188596
1.183406
1.182609
1.177489
1.172414
1.167382
1.162393
1.157447
1.152542
1.151899
1.151261
1.158996
1.158333
1.157676
1.161157
1.160494
1.159836
1.159184
1.166667
1.165992
1.165323
1.164659
1.164000
1.163347
1.166667
1.166008
1.165354
1.168627
1.164063
1.159533
1.155039
1.150579
1.153846
1.149425
1.148855
1.144487
1.140152
1.143396
1.150376
1.149813
1.145522
1.144981
1.151852
1.158672
1.161765
1.164835
1.164234
1.163636
1.166667
1.173285
1.172662
1.175627
1.178571
1.177936
1.177305
1.176678
1.176056
1.178947
1.181818
1.181185
1.180556
1.183391
1.182759
1.182131
1.181507
1.180887
1.187075
1.189831
1.192568
1.198653
1.194631
1.190635
1.186667
1.182724
1.178808
1.174917
1.171053
1.173770
1.173203
1.172638
1.172078
1.174757
1.180645
1.180064
1.179487
1.178914
1.178344
1.177778
1.177215
1.182965
1.182390
1.188088
1.187500
1.186916
1.186335
1.188854
1.191358
1.187692
1.184049
1.186544
1.192073
1.188450
1.184848
1.184290
1.180723
1.183183
1.179641
1.182090
1.181548
1.181009
1.183432
1.182891
1.182353
1.181818
1.184211
1.183673
1.186047
1.185507
1.184971
1.187320
1.186782
1.186246
1.185714
1.188034
1.190341
1.195467
1.192090
1.188732
1.185393
1.182073
1.178771
1.183844
1.180556
1.182825
1.182320
1.179063
1.175824
1.172603
1.169399
1.166213
1.163043
1.159892
1.159459
1.159030
1.163978
1.163539
1.163102
1.162667
1.162234
1.161804
1.161376
1.160950
1.160526
1.160105
1.159686
1.159269
1.158854
1.158442
1.158031
1.157623
1.157216
1.156812
1.156410
1.156010
1.158163
1.157761
1.157360
1.159494
1.161616
1.158690
1.155779
1.157895
1.155000
1.152120
1.149254
1.146402
1.148515
1.145679
1.142857
1.142506
1.139706
1.141809
1.146341
1.150852
1.150485
1.150121
1.149758
1.149398
1.149038
1.148681
1.153110
1.152745
1.154762
1.154394
1.158768
1.158392
1.160377
1.160000
1.159624
1.159251
1.158879
1.158508
1.158140
1.157773
1.157407
1.161663
1.163594
1.167816
1.172018
1.173913
1.175799
1.177677
1.175000
1.172336
1.169683
1.167043
1.164414
1.166292
1.163677
1.161074
1.158482
1.155902
1.153333
1.150776
1.148230
1.145695
1.145374
1.147253
1.146930
1.146608
1.150655
1.150327
1.150000
1.149675
1.149351
1.149028
1.148707
1.150538
1.150215
1.149893
1.153846
1.153518
1.151064
1.148620
1.146186
1.143763
1.141350
1.141053
1.138655
1.136268
1.133891
1.133612
1.131250
1.128898
1.126556
1.126294
1.126033
1.125773
1.125514
1.127310
1.127049
1.128834
1.128571
1.130346
1.132114
1.131846
1.131579
1.131313
1.131048
1.130785
1.132530
1.132265
1.132000
1.131737
1.133466
1.137177
1.138889
1.140594
1.142292
1.140039
1.137795
1.135560
1.133333
1.131115
1.128906
1.126706
1.124514
1.122330
1.120155
1.119923
1.117761
1.115607
1.117308
1.115163
1.114943
1.114723
1.114504
1.114286
1.114068
1.113852
1.117424
1.117202
1.120755
1.124294
1.127820
1.129456
1.129213
1.128972
1.130597
1.134078
1.135688
1.137291
1.137037
1.138632
1.140221
1.143646
1.143382
1.144954
1.148352
1.149909
1.151460
1.154827
1.156364
1.154265
1.152174
1.150090
1.148014
1.145946
1.143885
1.141831
1.139785
1.137746
1.135714
1.133690
1.133452
1.131439
1.129433
1.127434
1.125442
1.125220
1.125000
1.124780
1.124561
1.124343
1.124126
1.123909
1.125436
1.125217
1.125000
1.124783
1.124567
1.126079
1.129310
1.130809
1.130584
1.132075
1.133562
1.135043
1.138225
1.139693
1.141156
1.142615
1.145763
1.148900
1.150338
1.153457
1.154882
1.156303
1.157718
1.155779
1.153846
1.151920
1.150000
1.148087
1.146179
1.144279
1.147351
1.145455
1.143564
1.141680
1.139803
1.137931
1.136066
1.134206
1.133987
1.133768
1.131922
1.131707
1.133117
1.132901
1.132686
1.132472
1.132258
1.132045
1.133441
1.133226
1.133013
1.132800
1.132588
1.133971
1.133758
1.133545
1.133333
1.133122
1.132911
1.132701
1.134069
1.133858
1.135220
1.136578
1.134796
1.133020
1.131250
1.129485
1.127726
1.125972
1.124224
1.122481
1.120743
1.119011
1.117284
1.115562
1.113846
1.113671
1.113497
1.113323
1.113150
1.112977
1.112805
1.112633
1.112462
1.113809
1.113636
1.113464
1.113293
1.113122
1.112952
1.114286
1.114114
1.115442
1.116766
1.116592
1.119403
1.120715
1.123512
1.126300
1.127596
1.128889
1.130178
1.132939
1.134218
1.136966
1.139706
1.138032
1.136364
1.134700
1.133041
1.131387
1.129738
1.129549
1.127907
1.126270
1.124638
1.124457
1.127168
1.126984
1.126801
1.126619
1.126437
1.129125
1.128940
1.128755
1.128571
1.128388
1.128205
1.128023
1.129261
1.129078
1.128895
1.128713
1.128531
1.129760
1.130986
1.133615
1.136236
1.138850
1.141457
1.144056
1.145251
1.146444
1.149025
1.151599
1.152778
1.155340
1.157895
1.159059
1.161602
1.160000
1.161157
1.163686
1.162088
1.160494
1.158904
1.157319
1.155738
1.156889
1.155313
1.153741
1.153533
1.151967
1.150407
1.148850
1.147297
1.147099
1.146900
1.146703
1.147849
1.147651
1.147453
1.147256
1.148396
1.148198
1.149333
1.149134
1.148936
1.148738
1.148541
1.148344
1.148148
1.149273
1.149077
1.150198
1.150000
1.151117
1.149606
1.148100
1.146597
1.145098
1.143603
1.142112
1.140625
1.139142
1.137662
1.136187
1.136010
1.135834
1.135659
1.136774
1.135309
1.137709
1.136247
1.136072
1.135897
1.138284
1.139386
1.139208
1.140306
1.140127
1.139949
1.139771
1.139594
1.139417
1.139241
1.140329
1.140152
1.139975
1.139798
1.139623
1.139447
1.139272
1.139098
1.141427
1.141250
1.139825
1.138404
1.136986
1.135572
1.134161
1.132754
1.131351
1.129950
1.128554
1.127160
1.129470
1.128079
1.126691
1.126536
1.125153
1.127451
1.127295
1.127139
1.126984
1.128049
1.127893
1.127737
1.127582
1.129854
1.129697
1.129540
1.131802
1.131643
1.131484
1.132530
1.133574
1.134615
1.135654
1.136691
1.135329
1.137560
1.138590
1.137232
1.135876
1.134524
1.135553
1.135392
1.137604
1.138626
1.140828
1.140662
1.141677
1.141509
1.140165
1.138824
1.137485
1.139671
1.138335
1.137002
1.135673
1.137850
1.136523
1.135198
1.135041
1.133721
1.132404
1.131090
1.129780
1.130787
1.129480
1.128176
1.130334
1.132488
1.132336
1.132184
1.132032
1.131881
1.132875
1.132723
1.133714
1.133562
1.133409
1.133257
1.134243
1.135227
1.135074
1.136054
1.138165
1.136878
1.135593
1.135440
1.136415
1.135135
1.133858
1.135955
1.135802
1.134529
1.136618
1.136465
1.137430
1.137277
1.137124
1.136971
1.139043
1.140000
1.139845
1.140798
1.140642
1.142699
1.143646
1.144592
1.144432
1.143172
1.141914
1.140659
1.139407
1.138158
1.138007
1.137856
1.136612
1.136463
1.135224
1.133987
1.133841
1.132609
1.131379
1.130152
1.128927
1.127706
1.126486
1.125270
1.125135
1.125000
1.124865
1.124731
1.124597
1.124464
1.124330
1.125268
1.126203
1.127137
1.127001
1.126866
1.126731
1.126596
1.126461
1.126327
1.126193
1.127119
1.126984
1.126850
1.127772
1.127637
1.126449
1.125263
1.124080
1.122899
1.123820
1.122642
1.121466
1.120293
1.119122
1.117954
1.116788
1.115625
1.114464
1.113306
1.112150
1.110996
1.109845
1.108696
1.107549
1.107438
1.106295
1.107216
1.107106
1.109053
1.110997
1.110883
1.110769
1.110656
1.111566
1.112474
1.112360
1.112245
1.112130
1.112016
1.112920
1.113821
1.114721
1.114604
1.115502
1.117409
1.116279
1.115152
1.114026
1.115927
1.116818
1.115694
1.114573
1.113454
1.112337
1.111222
1.110110
1.109000
1.109890
1.109780
1.108674
1.110558
1.111443
1.112326
1.113208
1.113095
1.112983
1.112871
1.114738
1.115613
1.115499
1.116371
1.116256
1.116142
1.116028
1.115914
1.116781
1.117647
1.117532
1.118395
1.118280
1.119141
1.120976
1.122807
1.123661
1.124514
1.125364
1.126214
1.127061
1.127907
1.128751
1.130561
1.131401
1.130309
1.129219
1.128131
1.127045
1.125962
1.124880
1.123800
1.123682
1.122605
1.121531
1.121415
1.120344
1.119275
1.118208
1.117143
1.116080
1.115019
1.113960
1.113852
1.112796
1.111742
1.110691
1.110586
1.110482
1.110377
1.110273
1.110169
1.111947
1.111842
1.111737
1.111632
1.112465
1.112360
1.112254
1.112150
1.112979
1.113806
1.112768
1.111732
1.110698
1.109665
1.108635
1.107607
1.107507
1.106481
1.106383
1.105360
1.104340
1.103321
1.102304
1.102210
1.101196
1.100184
1.099174
1.098165
1.098992
1.100733
1.101555
1.101463
1.101370
1.101277
1.101185
1.102004
1.101911
1.101818
1.103542
1.103448
1.105168
1.105978
1.105882
1.105787
1.105691
1.106498
1.107304
1.108108
1.109811
1.110612
1.112309
1.113106
1.112108
1.111111
1.110116
1.109123
1.108132
1.107143
1.106155
1.106061
1.105076
1.104093
1.104000
1.103908
1.103815
1.103723
1.103632
1.104425
1.104332
1.104240
1.104148
1.104056
1.103965
1.103873
1.103782
1.103691
1.103600
1.103509
1.104294
1.104203
1.105862
1.106643
1.108297
1.109075
1.108108
1.107143
1.106179
1.105217
1.104257
1.103299
1.102342
1.101386
1.100433
1.099481
1.100259
1.100173
1.099223
1.099138
1.099914
1.099828
1.100602
1.101375
1.103004
1.102916
1.102828
1.102740
1.102652
1.102564
1.103330
1.103242
1.103154
1.104770
1.105532
1.106293
1.107901
1.108659
1.107718
1.106780
1.105843
1.104907
1.103973
1.103041
1.102110
1.101180
1.100253
1.099327
1.099243
1.098319
1.097397
1.096477
1.096396
1.096315
1.097071
1.096990
1.096909
1.096828
1.096747
1.096667
1.098251
1.098170
1.099751
1.099668
1.099585
1.099502
1.101077
1.102649
1.103391
1.104959
1.105698
1.107261
1.107997
1.108731
1.109465
1.110197
1.110929
1.110016
1.110747
1.109836
1.108927
1.108020
1.107114
1.106209
1.106122
1.107667
1.106764
1.105863
1.104963
1.105691
1.104793
1.103896
1.103812
1.103728
1.103644
1.103560
1.103476
1.103393
1.103309
1.103226
1.103143
1.103060
1.102977
1.103698
1.103614
1.103531
1.103448
1.104968
1.104884
1.104800
1.104716
1.104633
1.104549
1.104466
1.105179
1.104299
1.103421
1.102544
1.101668
1.100794
1.099921
1.099049
1.098179
1.097310
1.097233
1.096367
1.097080
1.097792
1.097715
1.097638
1.098348
1.098270
1.098979
1.098901
1.099608
1.099530
1.100235
1.100939
1.100860
1.102344
1.103825
1.102964
1.102104
1.102025
1.101946
1.103421
1.102564
1.101708
1.100853
1.100000
1.099148
1.100619
1.099768
1.098918
1.098069
1.097222
1.096376
1.095532
1.095458
1.095385
1.096080
1.097542
1.099002
1.100460
1.100383
1.100306
1.100230
1.100153
1.101604
1.101527
1.100686
1.099848
1.099010
1.098174
1.097338
1.096505
1.095672
1.094841
1.094769
1.094697
1.093868
1.093041
1.092215
1.091390
1.092075
1.092006
1.091937
1.091867
1.092551
1.092481
1.093163
1.093093
1.093023
1.092954
1.092884
1.093563
1.093493
1.094170
1.094847
1.095522
1.096197
1.096125
1.096798
1.097470
1.098885
1.099554
1.100223
1.101632
1.102298
1.102963
1.103627
1.104290
1.103474
1.102659
1.101845
1.101032
1.100958
1.100147
1.099338
1.098529
1.097722
1.096916
1.096112
1.095308
1.095238
1.095168
1.095099
1.095029
1.094960
1.094891
1.094821
1.094752
1.094683
1.094614
1.095273
1.095203
1.095861
1.096517
1.097897
1.098551
1.099203
1.100579
1.101229
1.102601
1.103249
1.102453
1.103100
1.103746
1.102952
1.102158
1.101366
1.102011
1.103374
1.102582
1.101792
1.102436
1.102362
1.102289
1.102931
1.104286
1.104925
1.105563
1.106201
1.106838
1.107473
1.106686
1.105899
1.105114
1.104329
1.103546
1.102764
1.101983
1.101203
1.100424
1.099647
1.099576
1.098800
1.098025
1.097252
1.096479
1.095707
1.095640
1.095573
1.095506
1.096842
1.096774
1.096706
1.096639
1.096571
1.096503
1.096436
1.096369
1.096301
1.096932
1.097561
1.098189
1.098817
1.099444
1.100069
1.100694
1.101319
1.101942
1.102564
1.103186
1.103806
1.104426
1.105045
1.106354
1.106970
1.108276
1.108890
1.109504
1.110117
1.111417
1.110653
1.109890
1.109128
1.108368
1.107608
1.106849
1.106092
1.105335
1.104580
1.103825
1.103072
1.102319
1.101568
1.100817
1.100068
1.099320
1.099252
1.099185
1.099117
1.100407
1.100339
1.100271
1.100203
1.100812
1.101420
1.101351
1.101283
1.101215
1.101146
1.101078
1.101010
1.100942
1.101547
1.102151
1.102754
1.103356
1.103957
1.104558
1.105157
1.106426
1.107023
1.107620
1.108216
1.108812
1.109406
1.110000
1.110593
1.111185
1.110446
1.109707
1.108970
1.108234
1.107498
1.106764
1.106030
1.105298
1.104567
1.103836
1.103106
1.102378
1.101650
1.100923
1.100857
1.100791
1.100724
1.100658
1.100592
1.100526
1.100460
1.100394
1.100328
1.100262
1.100196
1.100131
1.100065
1.100654
1.100588
1.100522
1.100457
1.100391
1.100977
1.102214
1.102798
1.103381
1.103964
1.104545
1.105127
1.105707
1.106286
1.106865
1.107443
1.108021
1.107304
1.106589
1.105875
1.105161
1.104449
1.103737
1.103026
1.103604
1.102894
1.102185
1.101477
1.101412
1.101347
1.101282
1.101217
1.101152
1.101088
1.101023
1.100958
1.100894
1.100830
1.100765
1.100701
1.100637
1.100573
1.100509
1.101716
1.102922
1.102857
1.103426
1.103995
1.103929
1.103863
1.104430
1.104364
1.104298
1.104864
1.105429
1.105994
1.106557
1.107120
1.108312
1.109503
1.110692
1.111879
1.112437
1.111739
1.111041
1.110345
1.109649
1.108954
1.108260
1.107567
1.106875
1.106184
1.105493
1.104803
1.104115
1.103427
1.102740
1.102054
1.101990
1.101927
1.101863
1.101800
1.101737
1.101674
1.101611
1.101548
1.101485
1.101422
1.101978
1.101915
1.101852
1.101789
1.102343
1.102896
1.102833
1.103385
1.103321
1.103258
1.103808
1.104359
1.105521
1.106070
1.106618
1.105940
1.105263
1.104587
1.103912
1.103238
1.102564
1.101891
1.101829
1.102377
1.103532
1.103469
1.104015
1.103951
1.105103
1.105039
1.106189
1.106125
1.107273
1.107208
1.107748
1.107683
1.107618
1.107553
1.108696
1.109837
1.109168
1.108499
1.107831
1.107164
1.106498
1.106434
1.105769
1.105105
1.104442
1.103779
1.103118
1.102457
1.101796
1.102334
1.101675
1.101016
1.100358
1.100299
1.100239
1.100775
1.100715
1.101251
1.102381
1.102320
1.102854
1.102793
1.102732
1.103264
1.103203
1.103734
1.104265
1.104796
1.104734
1.105263
1.105792
1.106911
1.107438
1.108555
1.109080
1.110194
1.111307
1.112419
1.113529
1.114051
1.114571
1.115678
1.116197
1.116716
1.116061
1.115407
1.114754
1.114102
1.114035
1.113384
1.112734
1.112084
1.111435
1.110787
1.110723
1.111241
1.111176
1.111111
1.111047
1.110982
1.110918
1.110853
1.110789
1.111304
1.111240
1.111175
1.111111
1.111625
1.112139
1.112652
1.113164
1.114253
1.114764
1.115274
1.115783
1.116292
1.116801
1.117309
1.117816
1.118323
1.118829
1.119334
1.119839
1.120344
1.120848
1.121351
1.122426
1.123499
1.122857
2.000000
1.500000
1.333333
1.250000
1.400000
1.333333
1.285714
1.250000
1.222222
1.300000
1.272727
1.333333
1.461538
1.500000
1.533333
1.625000
1.647059
1.555556
1.578947
1.500000
1.523810
1.454545
1.391304
1.333333
1.280000
1.230769
1.222222
1.250000
1.206897
1.200000
1.225806
1.218750
1.212121
1.205882
1.200000
1.222222
1.270270
1.263158
1.307692
1.325000
1.341463
1.380952
1.372093
1.386364
1.422222
1.413043
1.446809
1.458333
1.489796
1.500000
1.470588
1.442308
1.415094
1.388889
1.363636
1.339286
1.315789
1.293103
1.271186
1.250000
1.229508
1.209677
1.190476
1.171875
1.153846
1.151515
1.149254
1.147059
1.144928
1.142857
1.140845
1.138889
1.136986
1.135135
1.160000
1.157895
1.155844
1.153846
1.151899
1.175000
1.185185
1.195122
1.204819
1.226190
1.235294
1.255814
1.264368
1.272727
1.292135
1.300000
1.307692
1.315217
1.322581
1.329787
1.315789
1.302083
1.288660
1.275510
1.262626
1.250000
1.237624
1.225490
1.213592
1.201923
1.190476
1.188679
1.186916
1.185185
1.183486
1.181818
1.198198
1.196429
1.194690
1.201754
1.200000
1.198276
1.196581
1.203390
1.201681
1.200000
1.198347
1.196721
1.195122
1.193548
1.192000
1.198413
1.204724
1.218750
1.224806
1.238462
1.244275
1.257576
1.263158
1.268657
1.274074
1.279412
1.284672
1.289855
1.294964
1.300000
1.290780
1.281690
1.272727
1.263889
1.255172
1.246575
1.238095
1.229730
1.228188
1.220000
1.218543
1.217105
1.215686
1.214286
1.212903
1.211538
1.210191
1.208861
1.207547
1.206250
1.204969
1.203704
1.202454
1.201220
1.200000
1.198795
1.203593
1.208333
1.207101
1.205882
1.204678
1.215116
1.219653
1.212644
1.205714
1.198864
1.192090
1.185393
1.178771
1.177778
1.171271
1.164835
1.158470
1.163043
1.156757
1.150538
1.149733
1.143617
1.137566
1.131579
1.136126
1.135417
1.139896
1.139175
1.138462
1.137755
1.137056
1.141414
1.145729
1.145000
1.139303
1.143564
1.137931
1.132353
1.136585
1.145631
1.140097
1.144231
1.148325
1.157143
1.165877
1.165094
1.169014
1.168224
1.176744
1.185185
1.188940
1.197248
1.196347
1.204545
1.208145
1.207207
1.206278
1.200893
1.195556
1.190265
1.193833
1.188596
1.183406
1.182609
1.177489
1.172414
1.167382
1.162393
1.157447
1.152542
1.151899
1.151261
1.158996
1.158333
1.157676
1.161157
1.160494
1.159836
1.159184
1.166667
1.165992
1.165323
1.164659
1.164000
1.163347
1.166667
1.166008
1.165354
1.168627
1.164063
1.159533
1.155039
1.150579
1.153846
1.149425
1.148855
1.144487
1.140152
1.143396
1.150376
1.149813
1.145522
1.144981
1.151852
1.158672
1.161765
1.164835
1.164234
1.163636
1.166667
1.173285
1.172662
1.175627
1.178571
1.177936
1.177305
1.176678
1.176056
1.178947
1.181818
1.181185
1.180556
1.183391
1.182759
1.182131
1.181507
1.180887
1.187075
1.189831
1.192568
1.198653
1.194631
1.190635
1.186667
1.182724
1.178808
1.174917
1.171053
1.173770
1.173203
1.172638
1.172078
1.174757
1.180645
1.180064
1.179487
1.178914
1.178344
1.177778
1.177215
1.182965
1.182390
1.188088
1.187500
1.186916
1.186335
1.188854
1.191358
1.187692
1.184049
1.186544
1.192073
1.188450
1.184848
1.184290
1.180723
1.183183
1.179641
1.182090
1.181548
1.181009
1.183432
1.182891
1.182353
1.181818
1.184211
1.183673
1.186047
1.185507
1.184971
1.187320
1.186782
1.186246
1.185714
1.188034
1.190341
1.195467
1.192090
1.188732
1.185393
1.182073
1.178771
1.183844
1.180556
1.182825
1.182320
1.179063
1.175824
1.172603
1.169399
1.166213
1.163043
1.159892
1.159459
1.159030
1.163978
1.163539
1.163102
1.162667
1.162234
1.161804
1.161376
1.160950
1.160526
1.160105
1.159686
1.159269
1.158854
1.158442
1.158031
1.157623
1.157216
1.156812
1.156410
1.156010
1.158163
1.157761
1.157360
1.159494
1.161616
1.158690
1.155779
1.157895
1.155000
1.152120
1.149254
1.146402
1.148515
1.145679
1.142857
1.142506
1.139706
1.141809
1.146341
1.150852
1.150485
1.150121
1.149758
1.149398
1.149038
1.148681
1.153110
1.152745
1.154762
1.154394
1.158768
1.158392
1.160377
1.160000
1.159624
1.159251
1.158879
1.158508
1.158140
1.157773
1.157407
1.161663
1.163594
1.167816
1.172018
1.173913
1.175799
1.177677
1.175000
1.172336
1.169683
1.167043
1.164414
1.166292
1.163677
1.161074
1.158482
1.155902
1.153333
1.150776
1.148230
1.145695
1.145374
1.147253
1.146930
1.146608
1.150655
1.150327
1.150000
1.149675
1.149351
1.149028
1.148707
1.150538
1.150215
1.149893
1.153846
1.153518
1.151064
1.148620
1.146186
1.143763
1.141350
1.141053
1.138655
1.136268
1.133891
1.133612
1.131250
1.128898
1.126556
1.126294
1.126033
1.125773
1.125514
1.127310
1.127049
1.128834
1.128571
1.130346
1.132114
1.131846
1.131579
1.131313
1.131048
1.130785
1.132530
1.132265
1.132000
1.131737
1.133466
1.137177
1.138889
1.140594
1.142292
1.140039
1.137795
1.135560
1.133333
1.131115
1.128906
1.126706
1.124514
1.122330
1.120155
1.119923
1.117761
1.115607
1.117308
1.115163
1.114943
1.114723
1.114504
1.114286
1.114068
1.113852
1.117424
1.117202
1.120755
1.124294
1.127820
1.129456
1.129213
1.128972
1.130597
1.134078
1.135688
1.137291
1.137037
1.138632
1.140221
1.143646
1.143382
1.144954
1.148352
1.149909
1.151460
1.154827
1.156364
1.154265
1.152174
1.150090
1.148014
1.145946
1.143885
1.141831
1.139785
1.137746
1.135714
1.133690
1.133452
1.131439
1.129433
1.127434
1.125442
1.125220
1.125000
1.124780
1.124561
1.124343
1.124126
1.123909
1.125436
1.125217
1.125000
1.124783
1.124567
1.126079
1.129310
1.130809
1.130584
1.132075
1.133562
1.135043
1.138225
1.139693
1.141156
1.142615
1.145763
1.148900
1.150338
1.153457
1.154882
1.156303
1.157718
1.155779
1.153846
1.151920
1.150000
1.148087
1.146179
1.144279
1.147351
1.145455
1.143564
1.141680
1.139803
1.137931
1.136066
1.134206
1.133987
1.133768
1.131922
1.131707
1.133117
1.132901
1.132686
1.132472
1.132258
1.132045
1.133441
1.133226
1.133013
1.132800
1.132588
1.133971
1.133758
1.133545
1.133333
1.133122
1.132911
1.132701
1.134069
1.133858
1.135220
1.136578
1.134796
1.133020
1.131250
1.129485
1.127726
1.125972
1.124224
1.122481
1.120743
1.119011
1.117284
1.115562
1.113846
1.113671
1.113497
1.113323
1.113150
1.112977
1.112805
1.112633
1.112462
1.113809
1.113636
1.113464
1.113293
1.113122
1.112952
1.114286
1.114114
1.115442
1.116766
1.116592
1.119403
1.120715
1.123512
1.126300
1.127596
1.128889
1.130178
1.132939
1.134218
1.136966
1.139706
1.138032
1.136364
1.134700
1.133041
1.131387
1.129738
1.129549
1.127907
1.126270
1.124638
1.124457
1.127168
1.126984
1.126801
1.126619
1.126437
1.129125
1.128940
1.128755
1.128571
1.128388
1.128205
1.128023
1.129261
1.129078
1.128895
1.128713
1.128531
1.129760
1.130986
1.133615
1.136236
1.138850
1.141457
1.144056
1.145251
1.146444
1.149025
1.151599
1.152778
1.155340
1.157895
1.159059
1.161602
1.160000
1.161157
1.163686
1.162088
1.160494
1.158904
1.157319
1.155738
1.156889
1.155313
1.153741
1.153533
1.151967
1.150407
1.148850
1.147297
1.147099
1.146900
1.146703
1.147849
1.147651
1.147453
1.147256
1.148396
1.148198
1.149333
1.149134
1.148936
1.148738
1.148541
1.148344
1.148148
1.149273
1.149077
1.150198
1.150000
1.151117
1.149606
1.148100
1.146597
1.145098
1.143603
1.142112
1.140625
1.139142
1.137662
1.136187
1.136010
1.135834
1.135659
1.136774
1.135309
1.137709
1.136247
1.136072
1.135897
1.138284
1.139386
1.139208
1.140306
1.140127
1.139949
1.139771
1.139594
1.139417
1.139241
1.140329
1.140152
1.139975
1.139798
1.139623
1.139447
1.139272
1.139098
1.141427
1.141250
1.139825
1.138404
1.136986
1.135572
1.134161
1.132754
1.131351
1.129950
1.128554
1.127160
1.129470
1.128079
1.126691
1.126536
1.125153
1.127451
1.127295
1.127139
1.126984
1.128049
1.127893
1.127737
1.127582
1.129854
1.129697
1.129540
1.131802
1.131643
1.131484
1.132530
1.133574
1.134615
1.135654
1.136691
1.135329
1.137560
1.138590
1.137232
1.135876
1.134524
1.135553
1.135392
1.137604
1.138626
1.140828
1.140662
1.141677
1.141509
1.140165
1.138824
1.137485
1.139671
1.138335
1.137002
1.135673
1.137850
1.136523
1.135198
1.135041
1.133721
1.132404
1.131090
1.129780
1.130787
1.129480
1.128176
1.130334
1.132488
1.132336
1.132184
1.132032
1.131881
1.132875
1.132723
1.133714
1.133562
1.133409
1.133257
1.134243
1.135227
1.135074
1.136054
1.138165
1.136878
1.135593
1.135440
1.136415
1.135135
1.133858
1.135955
1.135802
1.134529
1.136618
1.136465
1.137430
1.137277
1.137124
1.136971
1.139043
1.140000
1.139845
1.140798
1.140642
1.142699
1.143646
1.144592
1.144432
1.143172
1.141914
1.140659
1.139407
1.138158
1.138007
1.137856
1.136612
1.136463
1.135224
1.133987
1.133841
1.132609
1.131379
1.130152
1.128927
1.127706
1.126486
1.125270
1.125135
1.125000
1.124865
1.124731
1.124597
1.124464
1.124330
1.125268
1.126203
1.127137
1.127001
1.126866
1.126731
1.126596
1.126461
1.126327
1.126193
1.127119
1.126984
1.126850
1.127772
1.127637
1.126449
1.125263
1.124080
1.122899
1.123820
1.122642
1.121466
1.120293
1.119122
1.117954
1.116788
1.115625
1.114464
1.113306
1.112150
1.110996
1.109845
1.108696
1.107549
1.107438
1.106295
1.107216
1.107106
1.109053
1.110997
1.110883
1.110769
1.110656
1.111566
1.112474
1.112360
1.112245
1.112130
1.112016
1.112920
1.113821
1.114721
1.114604
1.115502
1.117409
1.116279
1.115152
1.114026
1.115927
1.116818
1.115694
1.114573
1.113454
1.112337
1.111222
1.110110
1.109000
1.109890
1.109780
1.108674
1.110558
1.111443
1.112326
1.113208
1.113095
1.112983
1.112871
1.114738
1.115613
1.115499
1.116371
1.116256
1.116142
1.116028
1.115914
1.116781
1.117647
1.117532
1.118395
1.118280
1.119141
1.120976
1.122807
1.123661
1.124514
1.125364
1.126214
1.127061
1.127907
1.128751
1.130561
1.131401
1.130309
1.129219
1.128131
1.127045
1.125962
1.124880
1.123800
1.123682
1.122605
1.121531
1.121415
1.120344
1.119275
1.118208
1.117143
1.116080
1.115019
1.113960
1.113852
1.112796
1.111742
1.110691
1.110586
1.110482
1.110377
1.110273
1.110169
1.111947
1.111842
1.111737
1.111632
1.112465
1.112360
1.112254
1.112150
1.112979
1.113806
1.112768
1.111732
1.110698
1.109665
1.108635
1.107607
1.107507
1.106481
1.106383
1.105360
1.104340
1.103321
1.102304
1.102210
1.101196
1.100184
1.099174
1.098165
1.098992
1.100733
1.101555
1.101463
1.101370
1.101277
1.101185
1.102004
1.101911
1.101818
1.103542
1.103448
1.105168
1.105978
1.105882
1.105787
1.105691
1.106498
1.107304
1.108108
1.109811
1.110612
1.112309
1.113106
1.112108
1.111111
1.110116
1.109123
1.108132
1.107143
1.106155
1.106061
1.105076
1.104093
1.104000
1.103908
1.103815
1.103723
1.103632
1.104425
1.104332
1.104240
1.104148
1.104056
1.103965
1.103873
1.103782
1.103691
1.103600
1.103509
1.104294
1.104203
1.105862
1.106643
1.108297
1.109075
1.108108
1.107143
1.106179
1.105217
1.104257
1.103299
1.102342
1.101386
1.100433
1.099481
1.100259
1.100173
1.099223
1.099138
1.099914
1.099828
1.100602
1.101375
1.103004
1.102916
1.102828
1.102740
1.102652
1.102564
1.103330
1.103242
1.103154
1.104770
1.105532
1.106293
1.107901
1.108659
1.107718
1.106780
1.105843
1.104907
1.103973
1.103041
1.102110
1.101180
1.100253
1.099327
1.099243
1.098319
1.097397
1.096477
1.096396
1.096315
1.097071
1.096990
1.096909
1.096828
1.096747
1.096667
1.098251
1.098170
1.099751
1.099668
1.099585
1.099502
1.101077
1.102649
1.103391
1.104959
1.105698
1.107261
1.107997
1.108731
1.109465
1.110197
1.110929
1.110016
1.110747
1.109836
1.108927
1.108020
1.107114
1.106209
1.106122
1.107667
1.106764
1.105863
1.104963
1.105691
1.104793
1.103896
1.103812
1.103728
1.103644
1.103560
1.103476
1.103393
1.103309
1.103226
1.103143
1.103060
1.102977
1.103698
1.103614
1.103531
1.103448
1.104968
1.104884
1.104800
1.104716
1.104633
1.104549
1.104466
1.105179
1.104299
1.103421
1.102544
1.101668
1.100794
1.099921
1.099049
1.098179
1.097310
1.097233
1.096367
1.097080
1.097792
1.097715
1.097638
1.098348
1.098270
1.098979
1.098901
1.099608
1.099530
1.100235
1.100939
1.100860
1.102344
1.103825
1.102964
1.102104
1.102025
1.101946
1.103421
1.102564
1.101708
1.100853
1.100000
1.099148
1.100619
1.099768
1.098918
1.098069
1.097222
1.096376
1.095532
1.095458
1.095385
1.096080
1.097542
1.099002
1.100460
1.100383
1.100306
1.100230
1.100153
1.101604
1.101527
1.100686
1.099848
1.099010
1.098174
1.097338
1.096505
1.095672
1.094841
1.094769
1.094697
1.093868
1.093041
1.092215
1.091390
1.092075
1.092006
1.091937
1.091867
1.092551
1.092481
1.093163
1.093093
1.093023
1.092954
1.092884
1.093563
1.093493
1.094170
1.094847
1.095522
1.096197
1.096125
1.096798
1.097470
1.098885
1.099554
1.100223
1.101632
1.102298
1.102963
1.103627
1.104290
1.103474
1.102659
1.101845
1.101032
1.100958
1.100147
1.099338
1.098529
1.097722
1.096916
1.096112
1.095308
1.095238
1.095168
1.095099
1.095029
1.094960
1.094891
1.094821
1.094752
1.094683
1.094614
1.095273
1.095203
1.095861
1.096517
1.097897
1.098551
1.099203
1.100579
1.101229
1.102601
1.103249
1.102453
1.103100
1.103746
1.102952
1.102158
1.101366
1.102011
1.103374
1.102582
1.101792
1.102436
1.102362
1.102289
1.102931
1.104286
1.104925
1.105563
1.106201
1.106838
1.107473
1.106686
1.105899
1.105114
1.104329
1.103546
1.102764
1.101983
1.101203
1.100424
1.099647
1.099576
1.098800
1.098025
1.097252
1.096479
1.095707
1.095640
1.095573
1.095506
1.096842
1.096774
1.096706
1.096639
1.096571
1.096503
1.096436
1.096369
1.096301
1.096932
1.097561
1.098189
1.098817
1.099444
1.100069
1.100694
1.101319
1.101942
1.102564
1.103186
1.103806
1.104426
1.105045
1.106354
1.106970
1.108276
1.108890
1.109504
1.110117
1.111417
1.110653
1.109890
1.109128
1.108368
1.107608
1.106849
1.106092
1.105335
1.104580
1.103825
1.103072
1.102319
1.101568
1.100817
1.100068
1.099320
1.099252
1.099185
1.099117
1.100407
1.100339
1.100271
1.100203
1.100812
1.101420
1.101351
1.101283
1.101215
1.101146
1.101078
1.101010
1.100942
1.101547
1.102151
1.102754
1.103356
1.103957
1.104558
1.105157
1.106426
1.107023
1.107620
1.108216
1.108812
1.109406
1.110000
1.110593
1.111185
1.110446
1.109707
1.108970
1.108234
1.107498
1.106764
1.106030
1.105298
1.104567
1.103836
1.103106
1.102378
1.101650
1.100923
1.100857
1.100791
1.100724
1.100658
1.100592
1.100526
1.100460
1.100394
1.100328
1.100262
1.100196
1.100131
1.100065
1.100654
1.100588
1.100522
1.100457
1.100391
1.100977
1.102214
1.102798
1.103381
1.103964
1.104545
1.105127
1.105707
1.106286
1.106865
1.107443
1.108021
1.107304
1.106589
1.105875
1.105161
1.104449
1.103737
1.103026
1.103604
1.102894
1.102185
1.101477
1.101412
1.101347
1.101282
1.101217
1.101152
1.101088
1.101023
1.100958
1.100894
1.100830
1.100765
1.100701
1.100637
1.100573
1.100509
1.101716
1.102922
1.102857
1.103426
1.103995
1.103929
1.103863
1.104430
1.104364
1.104298
1.104864
1.105429
1.105994
1.106557
1.107120
1.108312
1.109503
1.110692
1.111879
1.112437
1.111739
1.111041
1.110345
1.109649
1.108954
1.108260
1.107567
1.106875
1.106184
1.105493
1.104803
1.104115
1.103427
1.102740
1.102054
1.101990
1.101927
1.101863
1.101800
1.101737
1.101674
1.101611
1.101548
1.101485
1.101422
1.101978
1.101915
1.101852
1.101789
1.102343
1.102896
1.102833
1.103385
1.103321
1.103258
1.103808
1.104359
1.105521
1.106070
1.106618
1.105940
1.105263
1.104587
1.103912
1.103238
1.102564
1.101891
1.101829
1.102377
1.103532
1.103469
1.104015
1.103951
1.105103
1.105039
1.106189
1.106125
1.107273
1.107208
1.107748
1.107683
1.107618
1.107553
1.108696
1.109837
1.109168
1.108499
1.107831
1.107164
1.106498
1.106434
1.105769
1.105105
1.104442
1.103779
1.103118
1.102457
1.101796
1.102334
1.101675
1.101016
1.100358
1.100299
1.100239
1.100775
1.100715
1.101251
1.102381
1.102320
1.102854
1.102793
1.102732
1.103264
1.103203
1.103734
1.104265
1.104796
1.104734
1.105263
1.105792
1.106911
1.107438
1.108555
1.109080
1.110194
1.111307
1.112419
1.113529
1.114051
1.114571
1.115678
1.116197
1.116716
1.116061
1.115407
1.114754
1.114102
1.114035
1.113384
1.112734
1.112084
1.111435
1.110787
1.110723
1.111241
1.111176
1.111111
1.111047
1.110982
1.110918
1.110853
1.110789
1.111304
1.111240
1.111175
1.111111
1.111625
1.112139
1.112652
1.113164
1.114253
1.114764
1.115274
1.115783
1.116292
1.116801
1.117309
1.117816
1.118323
1.118829
1.119334
1.119839
1.120344
1.120848
1.121351
1.122426
1.123499
1.122857
