1.000000
1.000000
0.666667
0.500000
0.400000
0.333333
0.714286
0.875000
0.888889
1.200000
1.181818
1.166667
1.153846
1.142857
1.133333
1.125000
1.117647
1.166667
1.105263
1.050000
1.190476
1.136364
1.086957
1.041667
1.000000
0.961538
0.925926
0.892857
0.862069
0.833333
0.838710
0.906250
0.939394
0.941176
0.942857
0.972222
1.000000
1.026316
1.076923
1.075000
1.073171
1.071429
1.069767
1.068182
1.111111
1.108696
1.127660
1.125000
1.122449
1.120000
1.137255
1.153846
1.150943
1.148148
1.163636
1.178571
1.157895
1.137931
1.118644
1.150000
1.131148
1.112903
1.095238
1.125000
1.107692
1.090909
1.104478
1.088235
1.072464
1.057143
1.042254
1.055556
1.082192
1.081081
1.106667
1.105263
1.103896
1.102564
1.113924
1.112500
1.123457
1.158537
1.144578
1.130952
1.117647
1.104651
1.103448
1.090909
1.089888
1.077778
1.065934
1.054348
1.043011
1.031915
1.021053
1.020833
1.020619
1.020408
1.020202
1.020000
1.019802
1.019608
1.019417
1.019231
1.019048
1.018868
1.018692
1.018519
1.027523
1.027273
1.027027
1.017857
1.008850
1.000000
1.008696
1.017241
1.008547
1.000000
0.991597
0.983333
0.975207
0.967213
0.959350
0.951613
0.960000
0.952381
0.944882
0.937500
0.930233
0.938462
0.954198
0.954545
0.962406
0.970149
0.977778
0.992647
0.992701
1.000000
1.000000
1.007143
1.007092
1.021127
1.020979
1.027778
1.034483
1.027397
1.020408
1.013514
1.026846
1.020000
1.013245
1.006579
1.000000
0.993506
0.987097
1.006410
