2.000000
2.000000
1.333333
1.000000
0.800000
0.666667
0.571429
0.500000
0.444444
0.500000
0.454545
0.416667
0.384615
0.357143
0.333333
0.312500
0.352941
0.444444
0.526316
0.550000
0.571429
0.590909
0.652174
0.666667
0.720000
0.730769
0.740741
0.750000
0.793103
0.866667
0.903226
0.968750
0.939394
0.911765
0.885714
0.916667
0.891892
0.868421
0.846154
0.825000
0.804878
0.785714
0.767442
0.750000
0.733333
0.717391
0.702128
0.687500
0.673469
0.660000
0.647059
0.634615
0.641509
0.648148
0.654545
0.660714
0.666667
0.672414
0.711864
0.716667
0.721311
0.725806
0.730159
0.750000
0.738462
0.772727
0.761194
0.750000
0.739130
0.728571
0.718310
0.708333
0.698630
0.702703
0.693333
0.684211
0.675325
0.666667
0.670886
0.662500
0.679012
0.682927
0.674699
0.690476
0.694118
0.697674
0.701149
0.704545
0.707865
0.711111
0.725275
0.739130
0.741935
0.765957
0.768421
0.770833
0.773196
0.795918
0.797980
0.810000
0.811881
0.803922
0.796117
0.788462
0.780952
0.773585
0.766355
0.759259
0.752294
0.745455
0.738739
0.732143
0.734513
0.736842
0.739130
0.741379
0.743590
0.762712
0.764706
0.766667
0.776860
0.786885
0.788618
0.798387
0.816000
0.817460
0.818898
0.820313
0.829457
0.838462
0.847328
0.856061
0.864662
0.873134
0.881481
0.889706
0.897810
0.913043
0.920863
0.928571
0.936170
0.950704
0.944056
0.937500
0.931034
0.924658
0.918367
0.912162
0.906040
0.900000
0.894040
0.888158
0.882353
0.876623
0.870968
0.871795
0.872611
0.873418
0.874214
0.881250
0.881988
0.882716
0.895706
0.896341
0.896970
0.897590
0.898204
0.898810
0.899408
0.900000
0.900585
0.901163
0.901734
0.908046
0.920000
0.914773
0.909605
0.904494
0.899441
0.894444
0.889503
0.884615
0.890710
0.891304
0.897297
0.892473
0.887701
0.882979
0.878307
0.873684
0.869110
0.880208
0.880829
0.881443
0.887179
0.887755
0.888325
0.888889
0.889447
0.900000
0.900498
0.900990
0.901478
0.906863
0.907317
0.907767
0.908213
0.918269
0.923445
0.928571
0.933649
0.938679
0.943662
0.953271
0.962791
0.958333
0.958525
0.954128
0.949772
0.945455
0.945701
0.941441
0.937220
0.937500
0.933333
0.929204
0.925110
0.921053
0.921397
0.926087
0.935065
0.935345
0.944206
0.944444
0.953191
0.953390
0.953586
0.953782
0.953975
0.954167
0.954357
0.954545
0.954733
0.954918
0.955102
0.955285
0.955466
0.959677
0.959839
0.968000
0.972112
0.980159
0.988142
0.996063
1.000000
1.003906
1.000000
0.996124
0.992278
0.988462
0.984674
0.980916
0.977186
0.973485
0.969811
0.966165
0.962547
0.958955
0.966543
0.970370
0.966790
0.966912
0.967033
0.963504
0.960000
0.960145
0.956679
0.956835
0.953405
0.953571
0.953737
0.953901
0.954064
0.954225
0.954386
0.954545
0.954704
0.961806
0.965398
0.965517
0.969072
0.965753
0.962457
0.959184
0.955932
0.952703
0.949495
0.946309
0.943144
0.940000
0.936877
0.933775
0.930693
0.927632
0.924590
0.921569
0.918567
0.915584
0.912621
0.912903
0.916399
0.916667
0.920128
0.920382
0.923810
0.924051
0.927445
0.927673
0.927900
0.928125
0.928349
0.928571
0.931889
0.935185
0.941538
0.947853
0.954128
0.960366
0.966565
0.969697
0.966767
0.963855
0.960961
0.958084
0.955224
0.952381
0.949555
0.946746
0.943953
0.941176
0.938416
0.935673
0.935860
0.933140
0.930435
0.936416
0.933718
0.931034
0.928367
0.925714
0.925926
0.923295
0.923513
0.923729
0.923944
0.924157
0.924370
0.927374
0.930362
0.930556
0.930748
0.930939
0.931129
0.936813
0.936986
0.939891
0.942779
0.945652
0.951220
0.956757
0.959569
0.962366
0.965147
0.970588
0.973333
0.978723
0.976127
0.973545
0.970976
0.968421
0.965879
0.963351
0.960836
0.958333
0.955844
0.953368
0.950904
0.948454
0.946015
0.943590
0.941176
0.941327
0.941476
0.941624
0.941772
0.941919
0.942065
0.942211
0.942356
0.942500
0.945137
0.947761
0.950372
0.950495
0.950617
0.953202
0.953317
0.953431
0.953545
0.953659
0.956204
0.956311
0.961259
0.961353
0.959036
0.961538
0.959233
0.956938
0.954654
0.952381
0.950119
0.947867
0.945626
0.943396
0.941176
0.938967
0.936768
0.934579
0.937063
0.939535
0.937355
0.935185
0.933025
0.930876
0.928736
0.931193
0.933638
0.933790
0.933941
0.934091
0.934240
0.934389
0.936795
0.936937
0.937079
0.937220
0.937360
0.937500
0.937639
0.937778
0.940133
0.938053
0.935982
0.933921
0.931868
0.929825
0.927790
0.925764
0.923747
0.921739
0.926247
0.924242
0.922246
0.920259
0.918280
0.916309
0.914347
0.912393
0.910448
0.914894
0.915074
0.915254
0.915433
0.915612
0.915789
0.915966
0.918239
0.920502
0.924843
0.925000
0.925156
0.925311
0.925466
0.925620
0.929897
0.927984
0.930185
0.928279
0.926380
0.924490
0.922607
0.920732
0.918864
0.917004
0.921212
0.919355
0.917505
0.915663
0.913828
0.912000
0.910180
0.908367
0.910537
0.912698
0.914851
0.916996
0.917160
0.917323
0.919450
0.919608
0.919765
0.923828
0.923977
0.924125
0.924272
0.926357
0.930368
0.932432
0.936416
0.938462
0.940499
0.944444
0.942639
0.940840
0.939048
0.941065
0.939279
0.937500
0.935728
0.933962
0.932203
0.930451
0.928705
0.926966
0.925234
0.923507
0.921788
0.920074
0.920223
0.918519
0.918669
0.920664
0.920810
0.922794
0.922936
0.923077
0.923218
0.923358
0.923497
0.923636
0.925590
0.925725
0.925859
0.925993
0.926126
0.926259
0.926391
0.930108
0.933810
0.937500
0.939394
0.941281
0.943162
0.945035
0.946903
0.945230
0.943563
0.943662
0.942004
0.942105
0.942207
0.940559
0.938918
0.937282
0.935652
0.934028
0.932409
0.930796
0.929188
0.929310
0.927711
0.926117
0.924528
0.922945
0.921368
0.921502
0.921635
0.920068
0.921902
0.922034
0.922166
0.922297
0.922428
0.922559
0.924370
0.924497
0.924623
0.924749
0.924875
0.926667
0.928453
0.930233
0.930348
0.932119
0.933884
0.935644
0.937397
0.939145
0.940887
0.942623
0.941080
0.939542
0.941272
0.939739
0.938211
0.936688
0.935170
0.933657
0.932149
0.930645
0.930757
0.929260
0.927769
0.926282
0.924800
0.923323
0.923445
0.923567
0.922099
0.920635
0.920761
0.920886
0.922591
0.922713
0.925984
0.926101
0.929356
0.929467
0.931142
0.931250
0.931357
0.931464
0.931571
0.931677
0.930233
0.928793
0.927357
0.925926
0.924499
0.923077
0.921659
0.921779
0.924962
0.923547
0.925191
0.923780
0.922374
0.920973
0.919575
0.919697
0.918306
0.916918
0.915535
0.914157
0.912782
0.911411
0.913043
0.914671
0.914798
0.916418
0.916542
0.916667
0.916790
0.918398
0.918519
0.921598
0.923191
0.924779
0.924890
0.925000
0.925110
0.926686
0.925329
0.923977
0.922628
0.921283
0.921397
0.920058
0.918723
0.917391
0.916064
0.916185
0.916306
0.916427
0.916547
0.918103
0.918221
0.918338
0.918455
0.918571
0.920114
0.923077
0.923186
0.924716
0.924823
0.927762
0.930693
0.933616
0.935120
0.938028
0.939522
0.941011
0.939691
0.938375
0.937063
0.935754
0.934449
0.933148
0.931850
0.930556
0.929265
0.927978
0.926694
0.925414
0.924138
0.922865
0.921596
0.920330
0.919067
0.917808
0.916553
0.915301
0.914052
0.914169
0.912925
0.911685
0.911805
0.910569
0.910690
0.910811
0.910931
0.911051
0.913863
0.916667
0.916779
0.916890
0.917001
0.917112
0.918558
0.918667
0.918775
0.918883
0.917663
0.916446
0.916556
0.915344
0.914135
0.912929
0.913043
0.911842
0.910644
0.909449
0.910878
0.910995
0.909804
0.908616
0.907432
0.907552
0.907672
0.907792
0.907912
0.908031
0.909444
0.909561
0.909677
0.909794
0.909910
0.910026
0.910141
0.910256
0.910371
0.910486
0.910600
0.913265
0.914650
0.916031
0.914867
0.913706
0.912548
0.911392
0.914033
0.912879
0.912989
0.911839
0.910692
0.909548
0.910916
0.911028
0.912390
0.913750
0.913858
0.915212
0.915318
0.915423
0.915528
0.915633
0.915737
0.917079
0.917182
0.918519
0.919852
0.922414
0.923739
0.925061
0.926380
0.927696
0.930233
0.931540
0.932845
0.934146
0.935445
0.937956
0.940462
0.941748
0.940606
0.939467
0.940750
0.939614
0.938480
0.937349
0.936221
0.935096
0.935174
0.934053
0.932934
0.931818
0.931900
0.930788
0.929678
0.930952
0.932224
0.932304
0.932384
0.932464
0.932544
0.932624
0.932704
0.932783
0.932862
0.935294
0.935370
0.935446
0.935522
0.936768
0.938012
0.939252
0.938156
0.937063
0.935972
0.937209
0.936121
0.935035
0.935110
0.934028
0.932948
0.934180
0.934256
0.933180
0.932106
0.931034
0.931114
0.931193
0.932417
0.932494
0.932571
0.933790
0.935006
0.937358
0.937429
0.939773
0.942111
0.942177
0.942242
0.944570
0.944633
0.945824
0.945885
0.947072
0.948256
0.950562
0.951740
0.952915
0.954087
0.955257
0.957542
0.959821
0.962096
0.963252
0.964405
0.965556
0.964484
0.963415
0.962348
0.961283
0.960221
0.959161
0.958104
0.957048
0.957096
0.956044
0.954995
0.953947
0.952903
0.954048
0.955191
0.955240
0.955289
0.955338
0.955386
0.955435
0.955483
0.955531
0.955580
0.956710
0.956757
0.956803
0.956850
0.957974
0.959096
0.960215
0.960258
0.961373
0.960343
0.959315
0.958289
0.960470
0.960512
0.961620
0.960596
0.961702
0.963868
0.964968
0.966066
0.966102
0.966138
0.966173
0.966209
0.966245
0.967334
0.968421
0.968454
0.970588
0.970619
0.972746
0.972775
0.973849
0.973877
0.972860
0.971846
0.972917
0.971904
0.971933
0.970924
0.969917
0.969948
0.968944
0.967942
0.966942
0.965944
0.965979
0.966014
0.965021
0.964029
0.963039
0.963077
0.963115
0.964176
0.965235
0.965271
0.965306
0.965341
0.965377
0.965412
0.965447
0.965482
0.967546
0.967579
0.967611
0.967644
0.967677
0.967709
0.969758
0.969789
0.970825
0.971859
0.972892
0.973922
0.974950
0.975976
0.977000
0.978022
0.979042
0.980060
0.981076
0.982090
0.981113
0.980139
0.979167
0.978196
0.978218
0.977250
0.976285
0.975321
0.974359
0.973399
0.972441
0.971485
0.971513
0.971541
0.970588
0.969638
0.969667
0.969697
0.969727
0.969756
0.969786
0.969815
0.971790
0.971817
0.971845
0.971872
0.971899
0.971926
0.971954
0.971981
0.972008
0.972035
0.972062
0.972089
0.972115
0.973103
0.975048
0.975072
0.976054
0.977033
0.978967
0.978032
0.977099
0.976168
0.975238
0.974310
0.973384
0.972460
0.971537
0.972512
0.971591
0.970672
0.969754
0.968839
0.967925
0.967012
0.966102
0.965193
0.964286
0.963380
0.963415
0.963449
0.963483
0.963517
0.963551
0.963585
0.963619
0.963653
0.964618
0.964651
0.964684
0.964717
0.964750
0.965709
0.965741
0.965772
0.967652
0.967682
0.968635
0.969585
0.970534
0.971481
0.970588
0.969697
0.968807
0.967919
0.967033
0.967978
0.967093
0.966210
0.965328
0.965360
0.964481
0.963603
0.962727
0.961853
0.960980
0.960109
0.959239
0.958371
0.957505
0.959350
0.959386
0.959423
0.959459
0.960396
0.960432
0.961366
0.961400
0.963229
0.963262
0.963295
0.963327
0.963360
0.965179
0.965210
0.965241
0.965272
0.965302
0.966222
0.967140
0.968944
0.969858
0.968999
0.968142
0.967286
0.968198
0.967343
0.966490
0.965639
0.964789
0.963940
0.963093
0.962248
0.961404
0.960561
0.959720
0.958880
0.958916
0.958952
0.958988
0.959024
0.959059
0.959095
0.959130
0.960035
0.960938
0.962706
0.962738
0.962771
0.962803
0.963699
0.963731
0.964625
0.964655
0.965547
0.967298
0.969046
0.969931
0.970815
0.971698
0.972579
0.971747
0.970915
0.970085
0.969257
0.968430
0.967604
0.966780
0.965957
0.965136
0.964316
0.963497
0.962680
0.961864
0.961050
0.960237
0.960270
0.961149
0.961181
0.961214
0.961247
0.961279
0.962994
0.963025
0.963056
0.963926
0.963956
0.963987
0.964017
0.964047
0.964912
0.964942
0.965805
0.965000
0.964197
0.963394
0.964256
0.963455
0.965145
0.964345
0.963546
0.962748
0.961952
0.961157
0.960363
0.962046
0.962902
0.962109
0.961317
0.960526
0.959737
0.958949
0.958162
0.959016
0.960688
0.960720
0.960752
0.960784
0.961633
0.961664
0.961695
0.962541
0.962571
0.963415
0.963444
0.964286
0.964315
0.964344
0.964372
0.966019
0.965238
0.964459
0.963680
0.962903
0.962127
0.961353
0.960579
0.959807
0.959036
0.958266
0.957498
0.957532
0.956765
0.956800
0.956035
0.957668
0.957702
0.959330
0.960159
0.960191
0.960223
0.960254
0.960286
0.960317
0.960349
0.960380
0.961203
0.961234
0.962846
0.962875
0.962904
0.964511
0.964539
0.964567
0.966168
0.966981
0.967793
0.968603
0.969412
0.970219
0.969460
0.968701
0.967944
0.967969
0.967213
0.968019
0.967264
0.966511
0.965759
0.965008
0.965035
0.964286
0.963538
0.962791
0.962820
0.962848
0.962877
0.962906
0.962934
0.962963
0.962992
0.963790
0.963818
0.963846
0.963874
0.963902
0.963929
0.963957
0.964751
0.966309
0.966335
0.965596
0.964859
0.964122
0.963387
0.962652
0.962681
0.961948
0.961217
0.960486
0.959757
0.959029
0.959818
0.959091
0.958365
0.959153
0.958428
0.957704
0.956981
0.956259
0.955539
0.955572
0.955606
0.955639
0.955672
0.956456
0.956489
0.956522
0.957303
0.958084
0.958863
0.958894
0.958925
0.959701
0.959732
0.961252
0.961281
0.961310
0.962082
0.962853
0.963623
0.964392
0.965901
0.966667
0.967432
0.966716
0.966001
0.965288
0.964576
0.964602
0.963891
0.963181
0.962472
0.961765
0.961058
0.960352
0.959648
0.958944
0.958242
0.959004
0.959034
0.959064
0.959094
0.959124
0.959154
0.959184
0.959213
0.959243
0.959273
0.959302
0.959332
0.960087
0.960841
0.961594
0.962346
0.961650
0.960954
0.960260
0.959567
0.958874
0.958183
0.958213
0.957523
0.956835
0.956147
0.955460
0.954774
0.954089
0.953405
0.952722
0.952040
0.951359
0.950679
0.951429
0.952177
0.952924
0.953671
0.953704
0.954448
0.954481
0.955224
0.955256
0.955287
0.955319
0.955351
0.956799
0.956829
0.956860
0.956890
0.957627
0.959068
0.960508
0.961240
0.961972
0.962702
0.963432
0.964863
0.964185
0.963509
0.962833
0.962158
0.961485
0.960812
0.960140
0.959469
0.958799
0.958130
0.957462
0.956794
0.956128
0.956159
0.955494
0.955525
0.954861
0.954198
0.954924
0.954955
0.954986
0.955017
0.955048
0.955079
0.955801
0.955832
0.957241
0.957271
0.957989
0.958018
0.959422
0.959450
0.959478
0.960879
0.960219
0.959561
0.960274
0.960986
0.960328
0.959672
0.959699
0.960410
0.961119
0.960464
0.959809
0.959156
0.958503
0.958532
0.959918
0.959946
0.959973
0.960000
0.960027
0.960054
0.960081
0.960108
0.960135
0.961512
0.961538
0.962239
0.963612
0.964983
0.965680
0.966375
0.967070
0.967764
0.968456
0.969819
0.970509
0.971869
0.972557
0.973244
0.973930
0.974616
0.973965
0.973316
0.972667
0.972019
0.971372
0.970725
0.970745
0.970100
0.969456
0.968812
0.968170
0.967528
0.966887
0.966909
0.966931
0.966292
0.966314
0.966337
0.966359
0.966381
0.966403
0.966425
0.966447
0.966469
0.966491
0.967827
0.967848
0.967869
0.968545
0.968566
0.968586
0.968607
0.969935
0.971261
0.971932
0.972603
0.972621
0.971987
0.972656
0.972023
0.971391
0.970760
0.970130
0.969500
0.968872
0.968244
0.967617
0.966990
0.966365
0.965740
0.965116
0.964493
0.964516
0.964539
0.964562
0.965229
0.965251
0.965273
0.965296
0.965318
0.965340
0.965362
0.966026
0.966047
0.966069
0.966731
0.966752
0.967412
0.968072
0.968730
0.970026
0.970682
0.971975
0.973265
0.973919
0.975207
0.976493
0.977143
0.978426
0.979074
0.979721
0.981001
0.982278
0.983555
0.982933
0.982312
0.981692
0.981073
0.980454
0.979836
0.979219
0.978603
0.977987
0.977373
0.976759
0.976146
0.975533
0.974922
0.974311
0.973701
0.973091
0.973108
0.973125
0.973142
0.973159
0.973175
0.973192
0.973209
0.973225
0.973242
0.973881
0.973897
0.973913
0.973929
0.973945
0.973962
0.973978
0.973994
0.974010
0.975263
0.975278
0.975911
0.975926
0.976558
0.977189
0.977819
0.979064
0.979692
0.979090
0.978488
0.977887
0.977287
0.976687
0.976088
0.975490
0.975505
0.974908
0.974312
0.973716
0.973122
0.972527
0.971934
0.971341
0.970750
0.971985
0.972002
0.972019
0.972036
0.972053
0.972070
0.972087
0.972104
0.972121
0.972744
0.972760
0.972777
0.972793
0.973414
0.973430
0.974653
0.974668
0.974684
0.974096
0.973510
0.972924
0.972339
0.971755
0.971171
0.970588
0.970006
0.969424
0.968844
0.968263
0.967684
0.967105
0.966527
0.966547
0.966567
0.965990
0.965414
0.965435
0.965456
0.965476
0.965497
0.965517
0.965538
0.965558
0.965579
0.966192
0.966212
0.966232
0.966844
0.967456
0.968066
0.969267
0.970467
0.969894
0.971091
0.970519
0.969947
0.969376
0.968805
0.968235
0.969430
0.968860
0.968878
0.968310
0.967742
0.967175
0.966608
0.966042
0.965477
0.966082
0.966102
0.965537
0.965558
0.965578
0.966181
0.966200
0.966220
0.966822
0.966841
0.966860
0.966880
0.966899
0.966918
0.968097
0.968116
0.969293
0.969890
0.969907
0.969925
0.971098
0.971693
0.972286
0.971725
0.971165
0.970605
0.970046
0.969488
0.969505
0.968948
0.968966
0.968409
0.967853
0.967298
0.966743
0.966189
0.965636
0.965083
0.965675
0.965695
0.965714
