1.000000
1.500000
1.666667
1.250000
1.000000
0.833333
0.714286
0.625000
0.777778
0.700000
0.636364
0.833333
0.846154
0.928571
0.866667
0.812500
0.764706
0.722222
0.684211
0.650000
0.714286
0.772727
0.869565
0.875000
0.880000
0.884615
0.925926
0.928571
0.931034
0.966667
1.032258
1.093750
1.121212
1.117647
1.142857
1.138889
1.162162
1.210526
1.230769
1.275000
1.317073
1.333333
1.372093
1.340909
1.311111
1.282609
1.255319
1.229167
1.204082
1.180000
1.156863
1.134615
1.113208
1.148148
1.127273
1.107143
1.105263
1.086207
1.084746
1.083333
1.081967
1.080645
1.079365
1.078125
1.076923
1.090909
1.104478
1.102941
1.101449
1.100000
1.112676
1.125000
1.123288
1.121622
1.120000
1.118421
1.116883
1.115385
1.126582
1.125000
1.123457
1.121951
1.132530
1.130952
1.129412
1.139535
1.126437
1.113636
1.101124
1.088889
1.076923
1.065217
1.053763
1.042553
1.031579
1.031250
1.020619
1.010204
1.000000
1.000000
1.000000
0.990196
0.990291
0.980769
0.980952
0.990566
0.990654
0.990741
0.990826
0.990909
0.990991
0.991071
1.008850
1.017544
1.017391
1.017241
1.017094
1.016949
1.016807
1.016667
1.016529
1.024590
1.032520
1.040323
1.056000
1.063492
1.055118
1.046875
1.038760
1.030769
1.022901
1.015152
1.022556
1.014925
1.007407
1.000000
0.992701
0.985507
0.978417
0.971429
0.964539
0.957746
0.951049
0.944444
0.944828
0.945205
0.945578
0.959459
0.959732
0.973333
0.973510
0.973684
0.980392
0.980519
0.980645
0.980769
0.980892
0.981013
0.981132
0.993750
0.993789
1.006173
1.018405
1.024390
1.030303
1.036145
1.047904
1.053571
1.065089
1.058824
1.052632
1.046512
1.040462
1.034483
1.040000
1.034091
1.028249
1.028090
1.022346
1.016667
1.011050
1.005495
1.005464
1.000000
0.994595
0.989247
0.989305
0.989362
0.994709
0.994737
0.994764
1.005208
1.005181
1.005155
1.015385
1.015306
1.015228
1.015152
1.015075
1.015000
1.019900
1.019802
1.019704
1.019608
1.019512
1.029126
1.038647
1.043269
1.047847
1.042857
1.037915
1.033019
1.028169
1.023364
1.018605
1.013889
1.018433
1.013761
1.009132
1.004545
1.000000
0.995495
0.991031
0.986607
0.986667
0.991150
0.991189
0.991228
0.991266
0.991304
0.991342
0.991379
0.991416
1.000000
1.000000
1.004237
1.004219
1.004202
1.004184
1.004167
1.012448
1.012397
1.012346
1.012295
1.016327
1.016260
1.020243
1.024194
1.024096
1.028000
1.023904
1.019841
1.015810
1.023622
1.019608
1.015625
1.011673
1.011628
1.007722
1.003846
1.000000
0.996183
1.000000
0.996212
0.992453
0.996241
0.992509
0.988806
0.985130
0.981481
0.977860
0.977941
0.974359
0.974453
0.974545
0.971014
0.971119
0.971223
0.974910
0.982143
0.982206
0.985816
0.985866
0.985915
0.985965
0.989510
0.989547
0.993056
0.993080
0.993103
0.993127
0.993151
0.993174
0.993197
0.989831
0.986486
0.983165
0.979866
0.976589
0.973333
0.970100
0.966887
0.963696
0.960526
0.957377
0.957516
0.954397
0.951299
0.948220
0.948387
0.948553
0.948718
0.952077
0.952229
0.955556
0.955696
0.955836
0.955975
0.959248
0.959375
0.959502
0.965839
0.965944
0.966049
0.966154
0.966258
0.966361
0.969512
0.969605
0.969697
0.972810
0.978916
0.981982
0.985030
0.991045
0.994048
0.997033
1.002959
1.000000
0.997059
0.994135
0.991228
0.988338
0.985465
0.988406
0.985549
0.982709
0.979885
0.979943
0.980000
0.980057
0.977273
0.974504
0.971751
0.969014
0.969101
0.969188
0.969274
0.969359
0.975000
0.975069
0.975138
0.975207
0.975275
0.975342
0.975410
0.975477
0.975543
0.978320
0.978378
0.978437
0.978495
0.983914
0.983957
0.986667
0.992021
0.994695
0.997354
0.994723
0.992105
0.989501
0.986911
0.984334
0.981771
0.979221
0.976684
0.974160
0.971649
0.969152
0.966667
0.964194
0.961735
0.959288
0.956853
0.956962
0.957071
0.954660
0.954774
0.954887
0.955000
0.955112
0.955224
0.955335
0.957921
0.958025
0.958128
0.958231
0.960784
0.963325
0.963415
0.963504
0.963592
0.963680
0.963768
0.963855
0.963942
0.968825
0.966507
0.964200
0.961905
0.959620
0.957346
0.955083
0.952830
0.950588
0.955399
0.953162
0.950935
0.948718
0.946512
0.944316
0.942130
0.939954
0.940092
0.940230
0.942661
0.942792
0.942922
0.943052
0.943182
0.943311
0.945701
0.948081
0.948198
0.948315
0.950673
0.950783
0.950893
0.951002
0.955556
0.955654
0.955752
0.955850
0.958150
0.962637
0.960526
0.958425
0.956332
0.954248
0.952174
0.950108
0.952381
0.950324
0.948276
0.946237
0.944206
0.942184
0.940171
0.940299
0.938298
0.936306
0.940678
0.945032
0.945148
0.945263
0.945378
0.947589
0.947699
0.947808
0.950000
0.950104
0.950207
0.952381
0.952479
0.952577
0.954733
0.954825
0.954918
0.957055
0.957143
0.961303
0.963415
0.967546
0.969636
0.971717
0.973790
0.975855
0.977912
0.979960
0.978000
0.976048
0.974104
0.972167
0.970238
0.968317
0.966403
0.964497
0.962598
0.960707
0.958824
0.956947
0.958984
0.957115
0.955253
0.957282
0.955426
0.953578
0.951737
0.949904
0.948077
0.950096
0.950192
0.950287
0.950382
0.950476
0.950570
0.950664
0.952652
0.954631
0.954717
0.956685
0.958647
0.960600
0.962547
0.964486
0.966418
0.970205
0.972119
0.974026
0.975926
0.979667
0.977860
0.979742
0.977941
0.976147
0.974359
0.972578
0.970803
0.970856
0.970909
0.969147
0.969203
0.967450
0.965704
0.963964
0.967626
0.967684
0.967742
0.967800
0.967857
0.967914
0.967972
0.969805
0.969858
0.971681
0.975265
0.975309
0.975352
0.975395
0.975439
0.975482
0.975524
0.979058
0.979094
0.977391
0.979167
0.977470
0.975779
0.974093
0.972414
0.970740
0.969072
0.967410
0.965753
0.964103
0.962457
0.960818
0.959184
0.957555
0.955932
0.954315
0.952703
0.951096
0.951178
0.952941
0.953020
0.953099
0.953177
0.953255
0.953333
0.953411
0.953488
0.953566
0.953642
0.955372
0.955446
0.957166
0.957237
0.958949
0.960656
0.962357
0.964052
0.967374
0.970684
0.969106
0.967532
0.965964
0.967638
0.966074
0.964516
0.962963
0.961415
0.959872
0.958333
0.956800
0.955272
0.953748
0.952229
0.950715
0.949206
0.947702
0.946203
0.947867
0.947950
0.951181
0.951258
0.951334
0.951411
0.953052
0.953125
0.954758
0.957944
0.958009
0.961180
0.961240
0.962848
0.962906
0.962963
0.963020
0.963077
0.963134
0.963190
0.966309
0.966361
0.967939
0.966463
0.964992
0.963526
0.962064
0.960606
0.959153
0.957704
0.956259
0.954819
0.954887
0.953453
0.952024
0.950599
0.953662
0.952239
0.950820
0.949405
0.947994
0.946588
0.946667
0.946746
0.948301
0.948378
0.948454
0.948529
0.948605
0.951613
0.951684
0.953216
0.953285
0.953353
0.953421
0.953488
0.956459
0.956522
0.958032
0.959538
0.961039
0.963977
0.966906
0.968391
0.969871
0.971347
0.969957
0.968571
0.967190
0.965812
0.964438
0.963068
0.961702
0.960340
0.958982
0.957627
0.959097
0.957746
0.956399
0.955056
0.953717
0.953782
0.955245
0.958101
0.959554
0.959610
0.959666
0.959722
0.959778
0.959834
0.959889
0.959945
0.960000
0.960055
0.960110
0.960165
0.961591
0.961644
0.963064
0.963115
0.964529
0.965940
0.965986
0.968750
0.971506
0.970190
0.971583
0.970270
0.968961
0.967655
0.970390
0.973118
0.973154
0.973190
0.974565
0.974599
0.977303
0.977333
0.978695
0.980053
0.981408
0.980106
0.978808
0.977513
0.976222
0.974934
0.973650
0.972368
0.971091
0.969816
0.968545
0.967277
0.966013
0.966057
0.964798
0.963542
0.963589
0.963636
0.963684
0.963731
0.966365
0.967700
0.967742
0.967784
0.969112
0.971722
0.971759
0.971795
0.971831
0.971867
0.971903
0.973214
0.974522
0.975827
0.977128
0.978426
0.979721
0.982278
0.983565
0.984848
0.986129
0.987406
0.988679
0.989950
0.988708
0.987469
0.986233
0.985000
0.983770
0.982544
0.982565
0.981343
0.981366
0.980149
0.978934
0.980198
0.980222
0.980247
0.980271
0.980296
0.980320
0.980344
0.981595
0.981618
0.982864
0.982885
0.982906
0.982927
0.982948
0.982968
0.984204
0.985437
0.985455
0.987893
0.987908
0.987923
0.989144
0.990361
0.992780
0.993990
0.995198
0.996403
0.995210
0.994019
0.992832
0.991647
0.990465
0.989286
0.988109
0.989311
0.988138
0.986967
0.985799
0.984634
0.983471
0.982311
0.981154
0.980000
0.978848
0.977700
0.976553
0.978923
0.980117
0.980140
0.981330
0.981352
0.981374
0.981395
0.982578
0.982599
0.982619
0.982639
0.982659
0.982679
0.982699
0.982719
0.982739
0.982759
0.983927
0.985092
0.987400
0.988558
0.990857
0.989726
0.988597
0.987472
0.986348
0.985227
0.984109
0.982993
0.985277
0.984163
0.983051
0.983070
0.981962
0.980856
0.979753
0.978652
0.978676
0.978700
0.978723
0.978747
0.978771
0.978795
0.981048
0.981069
0.981090
0.981111
0.981132
0.981153
0.981174
0.981195
0.983425
0.983444
0.983462
0.983480
0.985699
0.985714
0.985730
0.986842
0.987952
0.989059
0.987978
0.986900
0.985823
0.984749
0.983678
0.982609
0.981542
0.980477
0.979415
0.980519
0.979459
0.978402
0.977346
0.977371
0.976319
0.977419
0.976369
0.977468
0.978564
0.978587
0.978610
0.980769
0.982924
0.984009
0.984026
0.985106
0.985122
0.985138
0.986214
0.987288
0.988360
0.988372
0.988384
0.989451
0.989463
0.991579
0.992639
0.991597
0.990556
0.989518
0.988482
0.987448
0.986416
0.985386
0.985401
0.984375
0.983351
0.985447
0.987539
0.986515
0.985492
0.986542
0.986556
0.985537
0.984520
0.983505
0.984552
0.985597
0.985612
0.985626
0.986667
0.986680
0.986694
0.986708
0.986721
0.987755
0.987768
0.987780
0.987792
0.987805
0.988832
0.989858
0.990881
0.990891
0.989889
0.988889
0.987891
0.986895
0.985901
0.984909
0.985930
0.985944
0.987964
0.987976
0.986987
0.986000
0.985015
0.984032
0.983051
0.982072
0.981095
0.980119
0.979146
0.978175
0.977205
0.976238
0.975272
0.976285
0.976308
0.975345
0.976355
0.977362
0.979351
0.979371
0.979392
0.979412
0.980411
0.980431
0.982405
0.983398
0.983415
0.984405
0.984421
0.984436
0.983479
0.982524
0.981571
0.980620
0.980639
0.980658
0.979710
0.978764
0.977821
0.976879
0.975938
0.975000
0.974063
0.973129
0.972196
0.972222
0.973206
0.972275
0.972302
0.972328
0.972355
0.974286
0.975262
0.975285
0.976258
0.976281
0.976303
0.976326
0.976348
0.976371
0.978281
0.978302
0.978322
0.979284
0.979304
0.980263
0.981221
0.982176
0.983130
0.984082
0.985033
0.986916
0.988796
0.990672
0.991612
0.990689
0.989767
0.988848
0.987929
0.987013
0.986098
0.985185
0.985199
0.984288
0.983380
0.982472
0.984332
0.983425
0.982521
0.981618
0.980716
0.979817
0.979835
0.979853
0.979872
0.979890
0.980822
0.980839
0.980857
0.980874
0.980892
0.980909
0.980926
0.980944
0.980961
0.980978
0.980995
0.981013
0.981933
0.981949
0.981966
0.981982
0.981998
0.982014
0.982031
0.982944
0.984753
0.985663
0.986571
0.985689
0.987489
0.988393
0.987511
0.986631
0.985752
0.984875
0.984000
0.983126
0.982254
0.981383
0.980514
0.979646
0.978780
0.977915
0.977052
0.976190
0.975330
0.974472
0.973615
0.972759
0.971905
0.971930
0.971954
0.971979
0.972878
0.973776
0.973799
0.974695
0.974717
0.975610
0.975631
0.975652
0.975673
0.975694
0.977450
0.977470
0.977489
0.977509
0.979257
0.980138
0.979292
0.978448
0.977606
0.976764
0.975924
0.975086
0.974249
0.973413
0.972579
0.971747
0.970915
0.970085
0.969257
0.970990
0.970162
0.969336
0.968511
0.968537
0.969414
0.970289
0.970314
0.970339
0.970364
0.970389
0.972105
0.972128
0.973840
0.973862
0.975569
0.977273
0.977292
0.977311
0.977330
0.977349
0.979044
0.978224
0.977406
0.976589
0.977444
0.976628
0.977481
0.976667
0.975853
0.976705
0.975894
0.975083
0.975104
0.974295
0.975145
0.975166
0.976840
0.976860
0.976879
0.976898
0.977741
0.979407
0.979424
0.981086
0.981923
0.983580
0.984413
0.986066
0.986896
0.988543
0.989370
0.988562
0.989388
0.990212
0.991850
0.991857
0.991050
0.992683
0.992689
0.994318
0.994323
0.995948
0.996761
0.996764
0.996766
0.995961
0.995157
0.994355
0.993554
0.992754
0.991955
0.991158
0.990361
0.989567
0.988773
0.988782
0.987990
0.987200
0.987210
0.986422
0.986433
0.986443
0.986454
0.986465
0.986476
0.986486
0.986497
0.986508
0.986519
0.987322
0.987332
0.987342
0.987352
0.988152
0.988950
0.988959
0.988968
0.989764
0.990559
0.989780
0.989002
0.988226
0.987451
0.986677
0.985904
0.985133
0.984363
0.983594
0.984387
0.985179
0.984412
0.983645
0.982879
0.982115
0.981352
0.980590
0.981381
0.981395
0.981410
0.981424
0.981439
0.981453
0.981467
0.981481
0.981496
0.982280
0.982294
0.981538
0.980784
0.980031
0.979279
0.980828
0.980077
0.979326
0.979342
0.980122
0.980901
0.980153
0.980168
0.979421
0.978675
0.979452
0.979468
0.980243
0.980258
0.981032
0.981046
0.981061
0.981075
0.981089
0.981104
0.981118
0.981132
0.982655
0.982668
0.982681
0.984199
0.984211
0.984222
0.984985
0.986497
0.987256
0.987266
0.987275
0.987285
0.988789
0.988798
0.990299
0.989560
0.988823
0.990320
0.989583
0.988848
0.988113
0.987379
0.986647
0.987398
0.986667
0.985936
0.985207
0.984479
0.983752
0.983026
0.983038
0.982314
0.981591
0.980868
0.980147
0.980162
0.979442
0.978723
0.978006
0.978022
0.978038
0.978786
0.978801
0.978817
0.979562
0.979577
0.979592
0.979607
0.980349
0.981091
0.981105
0.981118
0.981132
0.982596
0.983333
0.982621
0.981910
0.981200
0.980491
0.979783
0.979076
0.978371
0.977666
0.976962
0.976259
0.975557
0.974856
0.974874
0.974175
0.973477
0.972779
0.972083
0.972103
0.972123
0.972143
0.972163
0.972896
0.973628
0.973647
0.974377
0.974395
0.974414
0.974432
0.975160
0.975177
0.975904
0.975921
0.976645
0.978076
0.978092
0.978814
0.979534
0.980254
0.979563
0.978873
0.978184
0.977496
0.978215
0.977528
0.976842
0.977560
0.976875
0.976190
0.975507
0.974825
0.974144
0.973464
0.973482
0.973501
0.972822
0.972145
0.972164
0.971488
0.970813
0.970833
0.970160
0.969487
0.970201
0.970914
0.970934
0.970954
0.971666
0.971685
0.971705
0.971724
0.971744
0.971763
0.972471
0.972490
0.973883
0.974588
0.975292
0.975995
0.975326
0.974658
0.973990
0.973324
0.972659
0.971995
0.971331
0.970668
0.970007
0.969346
0.968686
0.968027
0.967369
0.966712
0.966056
0.965400
0.964746
0.964770
0.964794
0.964817
0.966193
0.966216
0.966239
0.966262
0.966959
0.966981
0.967003
0.967699
0.967720
0.969086
0.969107
0.969799
0.970490
0.971180
0.971869
0.973226
0.974582
0.975267
0.975952
0.976636
0.977318
0.978000
0.979347
0.980027
0.980705
0.981383
0.982060
0.983400
0.984074
0.983422
0.982770
0.982119
0.981469
0.980820
0.980172
0.979524
0.978878
0.978232
0.977587
0.976943
0.976300
0.975658
0.975016
0.974376
0.973736
0.973097
0.972459
0.971822
0.971840
0.971204
0.971223
0.971242
0.971261
0.971932
0.971950
0.971969
0.971987
0.972005
0.972023
0.973342
0.973359
0.974026
0.974043
0.974060
0.974076
0.974741
0.975405
0.976067
0.977376
0.978036
0.978696
0.979355
0.980013
0.980670
0.980039
0.979408
0.978778
0.978149
0.977521
0.976893
0.976267
0.975641
0.975016
0.974392
0.973768
0.974425
0.974441
0.973819
0.973197
0.972577
0.971957
0.971338
0.971356
0.971374
0.971392
0.971410
0.971429
0.972081
0.972099
0.972117
0.972134
0.972152
0.972170
0.972187
0.972205
0.972854
0.972871
0.972888
0.972905
0.972922
0.973568
0.974214
0.974859
0.975503
0.976146
0.975533
0.974922
0.974311
0.974327
0.973717
0.973108
0.972500
0.971893
0.971286
0.971304
0.970698
0.970093
0.970735
0.970131
0.969527
0.968925
0.968323
0.968343
0.968983
0.969002
0.969021
0.969040
0.969059
0.969697
0.969716
0.969734
0.969753
0.969772
0.969790
0.969809
0.969828
0.969846
0.971095
0.971112
0.971744
0.972376
0.973006
0.974249
0.975490
0.976730
0.977968
0.978593
0.979829
0.981063
0.982295
0.982916
0.984146
0.983547
0.982948
0.982349
0.981752
0.981155
0.980559
0.981785
0.981189
0.981201
0.980606
0.980618
0.980630
0.981246
0.981258
0.981269
0.981884
0.981895
0.981906
0.982520
0.982530
0.982541
0.982551
0.982562
0.982572
0.982583
0.982593
0.982603
0.982614
0.982624
0.982635
0.982645
0.983254
0.984459
0.984468
0.984478
0.985084
0.985092
0.985697
0.985110
0.985714
0.985128
0.986326
0.986928
0.986342
0.985757
0.986358
0.985774
0.985190
0.984606
0.984024
0.983442
0.982861
0.983461
0.982881
0.982301
0.982901
0.982911
0.982921
0.982931
0.983529
0.983539
0.983549
0.984733
0.984742
0.984751
0.984760
0.984769
0.985363
0.985957
0.987135
0.987142
0.987150
0.987741
0.988331
0.987755
0.987179
0.986605
0.986030
0.985457
0.984884
0.984311
0.983740
0.983169
0.982599
0.983188
0.982619
0.982050
0.981481
0.981492
0.981503
0.981514
0.981524
0.982112
0.982699
0.982709
0.982719
0.982729
0.983890
0.983899
0.983908
0.983917
0.984501
0.984509
0.985092
0.985100
0.986254
0.987407
0.988558
0.989137
0.989714
