0.000000
1.000000
1.000000
1.250000
1.200000
1.166667
1.142857
1.250000
1.222222
1.200000
1.272727
1.250000
1.230769
1.214286
1.200000
1.250000
1.235294
1.222222
1.210526
1.250000
1.238095
1.272727
1.260870
1.291667
1.320000
1.346154
1.370370
1.392857
1.448276
1.466667
1.483871
1.500000
1.515152
1.529412
1.485714
1.444444
1.405405
1.368421
1.333333
1.300000
1.268293
1.238095
1.209302
1.227273
1.200000
1.173913
1.170213
1.166667
1.163265
1.160000
1.156863
1.153846
1.150943
1.148148
1.145455
1.142857
1.140351
1.137931
1.135593
1.150000
1.163934
1.161290
1.190476
1.187500
1.200000
1.181818
1.194030
1.176471
1.188406
1.171429
1.154930
1.152778
1.136986
1.121622
1.106667
1.092105
1.077922
1.089744
1.075949
1.075000
1.074074
1.073171
1.084337
1.083333
1.082353
1.104651
1.103448
1.102273
1.112360
1.122222
1.120879
1.119565
1.129032
1.117021
1.105263
1.125000
1.113402
1.102041
1.090909
1.080000
1.069307
1.058824
1.058252
1.057692
1.047619
1.037736
1.028037
1.018519
1.009174
1.000000
1.018018
1.017857
1.026549
1.043860
1.043478
1.043103
1.042735
1.042373
1.042017
1.041667
1.041322
1.040984
1.048780
1.056452
1.072000
1.071429
1.078740
1.085938
1.100775
1.100000
1.114504
1.113636
1.120301
1.134328
1.140741
1.147059
1.160584
1.166667
1.172662
1.164286
1.156028
1.147887
1.139860
1.131944
1.124138
1.123288
1.115646
1.108108
1.100671
1.100000
1.092715
1.092105
1.084967
1.077922
1.070968
1.064103
1.063694
1.063291
1.062893
1.062500
1.062112
1.061728
1.061350
1.060976
1.060606
1.066265
1.065868
1.065476
1.065089
1.064706
1.076023
1.075581
1.075145
1.074713
1.074286
1.073864
1.073446
1.078652
1.089385
1.083333
1.088398
1.082418
1.076503
1.070652
1.064865
1.059140
1.053476
1.047872
1.042328
1.042105
1.036649
1.031250
1.025907
1.020619
1.015385
1.010204
1.010152
1.015152
1.015075
1.015000
1.014925
1.014851
1.014778
1.019608
1.019512
1.024272
1.024155
1.033654
1.033493
1.038095
1.042654
1.042453
1.046948
1.051402
1.060465
1.069444
1.078341
1.073394
1.068493
1.063636
1.058824
1.054054
1.049327
1.044643
1.040000
1.044248
1.039648
1.035088
1.030568
1.026087
1.021645
1.021552
1.017167
1.021368
1.017021
1.012712
1.016878
1.016807
1.025105
1.025000
1.024896
1.024793
1.024691
1.028689
1.028571
1.028455
1.032389
1.032258
1.032129
1.032000
1.035857
1.035714
1.043478
1.047244
1.050980
1.054688
1.058366
1.054264
1.050193
1.046154
1.042146
1.038168
1.034221
1.030303
1.030189
1.026316
1.022472
1.018657
1.014870
1.011111
1.007380
1.007353
1.003663
1.003650
1.003636
1.003623
1.003610
1.007194
1.007168
1.007143
1.007117
1.007092
1.014134
1.014085
1.014035
1.013986
1.013937
1.013889
1.013841
1.013793
1.013746
1.013699
1.013652
1.017007
1.023729
1.027027
1.033670
1.030201
1.026756
1.023333
1.019934
1.016556
1.013201
1.009868
1.006557
1.003268
1.000000
1.000000
1.000000
0.996774
0.993569
0.993590
0.993610
0.996815
1.000000
1.000000
1.000000
1.000000
1.006270
1.012500
1.012461
1.015528
1.015480
1.015432
1.018462
1.018405
1.018349
1.018293
1.018237
1.021212
1.021148
1.024096
1.027027
1.032934
1.029851
1.026786
1.023739
1.020710
1.017699
1.014706
1.011730
1.008772
1.005831
1.002907
1.000000
0.997110
0.994236
0.991379
0.991404
0.988571
0.988604
0.988636
0.988669
0.988701
0.988732
0.988764
0.988796
0.988827
0.988858
0.988889
0.994460
0.994475
0.994490
0.994505
0.994521
1.000000
1.000000
1.000000
1.002710
1.002703
1.002695
1.005376
1.010724
1.013369
1.016000
1.021277
1.018568
1.015873
1.013193
1.010526
1.007874
1.010471
1.013055
1.010417
1.015584
1.012953
1.010336
1.007732
1.005141
1.002564
1.000000
0.997449
0.994911
0.992386
0.992405
0.989899
0.987406
0.984925
0.982456
0.980000
0.980050
0.980100
0.980149
0.980198
0.980247
0.980296
0.980344
0.980392
0.980440
0.980488
0.980535
0.980583
0.980630
0.980676
0.980723
0.980769
0.980815
0.983254
0.985680
0.983333
0.980998
0.978673
0.976359
0.978774
0.976471
0.974178
0.971897
0.969626
0.967366
0.965116
0.962877
0.960648
0.963048
0.963134
0.965517
0.965596
0.965675
0.965753
0.965831
0.965909
0.968254
0.968326
0.968397
0.972973
0.973034
0.973094
0.973154
0.975446
0.977728
0.980000
0.982262
0.984513
0.986755
0.991189
0.989011
0.986842
0.984683
0.989083
0.986928
0.984783
0.986985
0.991342
0.993521
0.997845
1.000000
0.997854
0.997859
1.002137
1.004264
1.006383
1.008493
1.012712
1.012685
1.012658
1.012632
1.012605
1.012579
1.012552
1.014614
1.014583
1.016632
1.014523
1.012422
1.010331
1.012371
1.010288
1.008214
1.006148
1.004090
1.002041
1.000000
1.000000
0.997972
0.997976
0.995960
0.993952
0.991952
0.989960
0.991984
0.992000
0.992016
0.994024
0.994036
0.994048
0.994059
0.994071
0.998028
0.998031
1.000000
1.000000
1.000000
1.000000
1.000000
1.001946
1.005825
1.007752
1.005803
1.007722
1.005780
1.003846
1.001919
1.000000
0.998088
0.996183
0.998095
0.996198
0.998102
1.000000
1.000000
1.000000
1.000000
1.000000
1.000000
1.003745
1.003738
1.003731
1.003724
1.003717
1.007421
1.007407
1.007394
1.007380
1.007366
1.009191
1.011009
1.012821
1.016453
1.018248
1.021858
1.023636
1.027223
1.028986
1.030741
1.032491
1.036036
1.034173
1.032316
1.030466
1.033989
1.032143
1.030303
1.028470
1.026643
1.024823
1.023009
1.022968
1.021164
1.019366
1.019332
1.019298
1.019264
1.020979
1.020942
1.020906
1.020870
1.020833
1.020797
1.020761
1.022453
1.022414
1.022375
1.022337
1.022298
1.022260
1.022222
1.025597
1.025554
1.027211
1.030560
1.030508
1.032149
1.035473
1.038786
1.040404
1.042017
1.040268
1.038526
1.036789
1.035058
1.033333
1.031614
1.029900
1.029851
1.029801
1.028099
1.026403
1.024712
1.027961
1.027915
1.027869
1.027823
1.031046
1.030995
1.032573
1.032520
1.032468
1.032415
1.035599
1.038772
1.038710
1.038647
1.038585
1.041734
1.043269
1.043200
1.043131
1.044657
1.047771
1.050874
1.053968
1.055468
1.058544
1.060032
1.063091
1.064567
1.067610
1.065934
1.064263
1.064163
1.062500
1.060842
1.059190
1.057543
1.060559
1.058915
1.057276
1.057187
1.057099
1.057011
1.058462
1.061444
1.061350
1.062787
1.064220
1.064122
1.064024
1.063927
1.063830
1.065250
1.065152
1.068079
1.067976
1.067873
1.070783
1.072180
1.073574
1.073463
1.076347
1.077728
1.079104
1.081967
1.083333
1.084695
1.086053
1.084444
1.082840
1.081241
1.079646
1.079529
1.077941
1.076358
1.074780
1.073206
1.073099
1.071533
1.069971
1.068413
1.066860
1.065312
1.066667
1.065123
1.063584
1.062049
1.060519
1.060432
1.060345
1.060258
1.060172
1.060086
1.060000
1.059914
1.059829
1.062589
1.062500
1.062411
1.063739
1.063649
1.062147
1.060649
1.059155
1.057665
1.056180
1.054698
1.053221
1.053147
1.051676
1.050209
1.048747
1.050070
1.048611
1.047157
1.047091
1.047026
1.046961
1.046897
1.046832
1.046768
1.046703
1.046639
1.047945
1.049248
1.049180
1.050477
1.050409
1.051701
1.052989
1.052917
1.052846
1.052774
1.052703
1.053981
1.053908
1.056528
1.059140
1.060403
1.063003
1.064257
1.064171
1.066756
1.068000
1.069241
1.067819
1.066401
1.064987
1.063576
1.062169
1.060766
1.059367
1.057971
1.056579
1.055191
1.053806
1.052425
1.051047
1.049673
1.048303
1.046936
1.049479
1.050715
1.051948
1.051881
1.051813
1.051746
1.051680
1.051613
1.051546
1.052767
1.052699
1.052632
1.052564
1.052497
1.052430
1.053640
1.056122
1.057325
1.057252
1.059720
1.058376
1.059569
1.058228
1.058154
1.059343
1.060530
1.060453
1.059119
1.061558
1.060226
1.060150
1.061327
1.061250
1.062422
1.063591
1.063512
1.063433
1.064596
1.064516
1.066914
1.066832
1.069221
1.070370
1.071517
1.073892
1.076261
1.074939
1.076074
1.074755
1.073439
1.072127
1.070818
1.073171
1.071864
1.071776
1.071689
1.071602
1.071515
1.071429
1.073761
1.074879
1.073583
1.072289
1.070999
1.069712
1.068427
1.067146
1.065868
1.065789
1.064516
1.063246
1.061979
1.060714
1.059453
1.058195
1.056940
1.055687
1.055621
1.055556
1.057851
1.057783
1.057715
1.058824
1.058754
1.061033
1.060961
1.062061
1.063158
1.063084
1.063011
1.062937
1.062864
1.062791
1.062718
1.062645
1.062572
1.063657
1.064740
1.064665
1.064591
1.066820
1.069045
1.068966
1.070034
1.071101
1.069874
1.070938
1.069714
1.068493
1.067275
1.067198
1.067122
1.065909
1.064699
1.063492
1.062288
1.061086
1.059887
1.058691
1.057497
1.056306
1.056243
1.055056
1.056117
1.054933
1.054871
1.054810
1.054749
1.054688
1.055741
1.055679
1.055617
1.055556
1.055494
1.056541
1.056478
1.056416
1.057459
1.058499
1.059537
1.059471
1.061606
1.062637
1.063666
1.064693
1.065717
1.066740
1.067760
1.068777
1.067612
1.069717
1.068553
1.069565
1.068404
1.067245
1.066089
1.064935
1.063784
1.062635
1.061489
1.060345
1.059203
1.058065
1.056928
1.057940
1.057878
1.057816
1.057754
1.057692
1.057631
1.059701
1.059638
1.061702
1.061637
1.061571
1.061506
1.061441
1.061376
1.063425
1.064414
1.065401
1.066386
1.067368
1.069401
1.070378
1.071354
1.072327
1.073298
1.075314
1.076280
1.078288
1.079249
1.078125
1.080125
1.079002
1.079958
1.080913
1.079793
1.081781
1.083764
1.082645
1.084623
1.086598
1.088568
1.087449
1.086331
1.086242
1.085128
1.084016
1.082907
1.081800
1.080695
1.079592
1.078491
1.077393
1.076297
1.075203
1.074112
1.073022
1.071935
1.071862
1.071790
1.072727
1.072654
1.072581
1.072508
1.072435
1.072362
1.072289
1.072217
1.072144
1.072072
1.072000
1.071928
1.073852
1.073779
1.073705
1.073632
1.073559
1.073486
1.074405
1.075322
1.076238
1.077151
1.076087
1.075025
1.073964
1.072906
1.071850
1.070796
1.069745
1.068695
1.067647
1.066601
1.067515
1.066471
1.068359
1.069268
1.069201
1.071081
1.071012
1.070943
1.070874
1.070805
1.070736
1.072604
1.072534
1.074396
1.074324
1.075217
1.074181
1.073147
1.072115
1.071085
1.070058
1.069032
1.068008
1.066986
1.065966
1.064947
1.063931
1.062917
1.061905
1.060894
1.059886
1.058879
1.057875
1.056872
1.056818
1.055818
1.054820
1.053824
1.053774
1.053723
1.055556
1.057385
1.057331
1.057277
1.057223
1.059044
1.058989
1.058934
1.058879
1.058824
1.058769
1.058714
1.058659
1.058605
1.059480
1.061281
1.060297
1.059314
1.058333
1.057354
1.056377
1.055402
1.054428
1.053456
1.052486
1.052438
1.053309
1.054178
1.055046
1.054995
1.055861
1.055810
1.055759
1.055708
1.057482
1.058341
1.060109
1.060965
1.061818
1.062670
1.061706
1.060743
1.059783
1.058824
1.057866
1.056911
1.055957
1.055005
1.054955
1.054005
1.053058
1.052111
1.051167
1.050224
1.049283
1.048344
1.047406
1.048257
1.048214
1.048171
1.048128
1.048085
1.048043
1.048000
1.048845
1.048802
1.048759
1.048716
1.048673
1.049514
1.049470
1.049426
1.049383
1.049339
1.051056
1.051011
1.051845
1.051800
1.052632
1.051709
1.050788
1.049869
1.048951
1.048035
1.047120
1.046207
1.045296
1.044386
1.043478
1.042572
1.041667
1.040763
1.039861
1.040693
1.040657
1.040622
1.040587
1.040552
1.040517
1.041344
1.041308
1.041273
1.041237
1.041202
1.042882
1.042845
1.042808
1.042772
1.043590
1.043553
1.043515
1.044331
1.045997
1.045957
1.046769
1.048428
1.047538
1.046650
1.047458
1.046571
1.045685
1.044801
1.043919
1.043038
1.042159
1.041281
1.040404
1.041211
1.041176
1.040302
1.039430
1.038558
1.037688
1.036820
1.035953
1.035088
1.034224
1.034195
1.034167
1.034138
1.034110
1.034081
1.034053
1.034025
1.033997
1.033969
1.033940
1.035567
1.035537
1.035508
1.036304
1.036274
1.037891
1.038683
1.039474
1.041085
1.041872
1.042658
1.041803
1.040950
1.040098
1.039248
1.040850
1.040000
1.039152
1.038305
1.037459
1.036615
1.035772
1.035743
1.034903
1.034874
1.034036
1.033198
1.033172
1.034762
1.034733
1.034705
1.034677
1.034649
1.035427
1.035398
1.035370
1.035341
1.035313
1.035285
1.035256
1.035228
1.035200
1.035172
1.035144
1.035116
1.035088
1.035060
1.035032
1.035004
1.035771
1.035743
1.036508
1.036479
1.037242
1.036421
1.035601
1.034783
1.035545
1.034728
1.034700
1.034673
1.034646
1.034618
1.034591
1.035350
1.035322
1.036078
1.036834
1.036022
1.035211
1.034402
1.033594
1.032787
1.031981
1.031177
1.030374
1.029572
1.028771
1.030303
1.029503
1.028704
1.027907
1.027111
1.026316
1.025522
1.027048
1.028571
1.028549
1.028527
1.030046
1.030023
1.030000
1.030746
1.030722
1.030698
1.030675
1.031418
1.031394
1.031370
1.032110
1.032850
1.033588
1.034325
1.035061
1.035796
1.036530
1.035741
1.034954
1.034169
1.033384
1.033359
1.032576
1.031794
1.033283
1.032502
1.031722
1.030943
1.030166
1.029390
1.028614
1.027840
1.027820
1.027047
1.026276
1.025506
1.025487
1.025468
1.025449
1.025430
1.025411
1.025392
1.025373
1.026846
1.026826
1.026806
1.026786
1.026766
1.027489
1.027468
1.028190
1.028169
1.028148
1.028127
1.028846
1.030303
1.031758
1.033210
1.033923
1.034635
1.035346
1.036056
1.035294
1.034533
1.033774
1.033015
1.032258
1.031502
1.030747
1.029993
1.029240
1.028488
1.027737
1.026988
1.026239
1.025492
1.024745
1.025455
1.024709
1.023965
1.023222
1.023205
1.023188
1.023172
1.023155
1.023138
1.023121
1.023105
1.023088
1.023071
1.024496
1.024478
1.024460
1.024443
1.024425
1.024408
1.025108
1.025806
1.026504
1.027201
1.027897
1.028592
1.029286
1.029979
1.029244
1.030649
1.029915
1.029181
1.028450
1.027719
1.026989
1.026260
1.025532
1.024805
1.024079
1.023355
1.022631
1.021908
1.021186
1.020466
1.019746
1.019027
1.018310
1.018297
1.018284
1.019677
1.019663
1.020351
1.020337
1.021023
1.021008
1.020994
1.020979
1.020964
1.020950
1.021633
1.021618
1.022300
1.022981
1.024356
1.025035
1.024322
1.023611
1.022901
1.022191
1.022869
1.022161
1.022145
1.021438
1.022115
1.021409
1.020704
1.022069
1.021365
1.020661
1.022023
1.022008
1.021306
1.020604
1.020590
1.020576
1.020562
1.021918
1.021903
1.021888
1.022556
1.023224
1.023208
1.023874
1.023858
1.024523
1.025187
1.025170
1.025153
1.025136
1.025798
1.026459
1.027119
1.027778
1.028436
1.029093
1.029750
1.030405
1.031060
1.030364
1.029670
1.028976
1.028283
1.027591
1.026900
1.026210
1.025520
1.024832
1.024145
1.023458
1.022773
1.022088
1.021405
1.020722
1.020040
1.019359
1.018679
1.018000
1.017322
1.016644
1.017964
1.017952
1.017940
1.017928
1.017916
1.017905
1.017893
1.017881
1.017869
1.017857
1.017845
1.017834
1.018482
1.019789
1.020435
1.021739
1.023041
1.024342
1.023669
1.022996
1.022324
1.021654
1.020984
1.020315
1.019646
1.018979
1.018313
1.017647
1.016982
1.016319
1.015656
1.014993
1.014332
1.014323
1.013663
1.013004
1.012995
1.012987
1.012979
1.013619
1.014258
1.014249
1.014887
1.015524
1.015514
1.015504
1.015494
1.016129
1.016119
1.016108
1.015454
1.014801
1.014148
1.013496
1.014130
1.013479
1.012829
1.012179
1.011531
1.010883
1.010237
1.010230
1.009585
1.008940
1.008296
1.008291
1.008286
1.008280
1.009548
1.009542
1.010807
1.011436
1.012063
1.012056
1.012048
1.012041
1.012033
1.012658
1.012650
1.013274
1.013898
1.013258
1.013249
1.012610
1.011972
1.011335
1.010699
1.010692
1.010057
1.009422
1.008788
1.008783
1.009404
1.009398
1.010645
1.010638
1.011882
1.012500
1.012492
1.013733
1.014348
1.014339
1.014953
1.014944
1.014935
1.015547
1.015538
1.016149
1.016760
1.016749
1.016739
1.016729
1.017337
1.017946
1.017316
1.016687
1.017295
1.016667
1.017273
1.018496
1.017868
1.017241
1.016615
1.015990
1.015366
1.016585
1.015961
1.015951
1.015328
1.014706
1.014085
1.013464
1.013456
1.013447
1.014050
1.014652
1.015253
1.015854
1.015844
1.015834
1.015825
1.015815
1.017021
1.017011
1.017001
1.016990
1.018193
1.018788
1.019988
1.020581
1.019964
1.020556
1.021148
1.020531
1.019916
1.020507
1.019892
1.019277
1.018663
1.018051
1.017438
1.016827
1.016216
1.015606
1.014997
1.014388
1.014380
1.014371
1.014363
1.014354
1.014345
1.014337
1.015522
1.015513
1.015504
1.016091
1.016081
1.016071
1.017252
1.017241
1.017231
1.017221
1.018398
1.018387
1.018376
1.018365
1.018354
1.018343
1.018332
1.018913
1.018901
1.018890
1.019469
1.020047
1.020625
1.020024
1.019423
1.018824
1.018225
1.017626
1.017029
1.017019
1.016422
1.016413
1.015817
1.015222
1.014628
1.014035
1.014611
1.014019
1.014011
1.014002
1.013994
1.015152
1.015143
1.015716
1.016289
1.016279
1.016270
1.016260
1.016251
1.016821
1.016812
1.016802
1.017371
1.017940
1.019086
1.019653
1.020220
1.020785
1.021350
1.022491
1.023631
1.024194
1.024755
1.025316
1.025877
1.027011
1.027570
1.028129
1.028686
1.029243
1.029799
1.029210
1.028620
1.028032
1.027444
1.026857
