14094.200000
14103.600000
14116.600000
14121.700000
14136.200000
14155.600000
14171.000000
14191.500000
14211.000000
14216.200000
14220.500000
14223.700000
14234.200000
14244.000000
14252.100000
14258.200000
14271.100000
14276.100000
14281.500000
14285.700000
14295.000000
14299.200000
14316.700000
14319.500000
14323.000000
14351.000000
14362.200000
14365.500000
14381.500000
14389.700000
14402.200000
14412.500000
14417.600000
14418.700000
14429.000000
14452.500000
14460.500000
14464.300000
14481.200000
14486.500000
14504.100000
14514.100000
14519.000000
14521.800000
14529.600000
14548.100000
14558.200000
14566.500000
14575.000000
14583.200000
14593.000000
14600.500000
14605.200000
14608.500000
14614.100000
14616.500000
14625.100000
14628.200000
14630.500000
14647.200000
14650.500000
14654.800000
14666.200000
14683.600000
14694.700000
14700.800000
14726.700000
14740.200000
14758.700000
14772.000000
14788.600000
14802.700000
14815.200000
14822.500000
14827.000000
14835.500000
14855.600000
14876.100000
14894.600000
14914.000000
14948.500000
14958.700000
14969.000000
14971.600000
14980.500000
14993.000000
15011.200000
15016.200000
15018.600000
15023.100000
15039.500000
15054.000000
15066.000000
15070.100000
15080.300000
15090.000000
15100.500000
15103.500000
15111.000000
15121.100000
15124.500000
15132.100000
15142.500000
15183.100000
15188.200000
15204.100000
15235.100000
15244.700000
15278.800000
15289.200000
15301.600000
15310.800000
15329.100000
15370.300000
15396.100000
15400.600000
15421.100000
15429.500000
15436.500000
15439.600000
15454.100000
15482.100000
15491.600000
15497.700000
15500.000000
15523.500000
15531.700000
15535.000000
15541.200000
15542.700000
15549.000000
15569.600000
15596.700000
15603.500000
15620.500000
15627.600000
15635.500000
15649.200000
15655.000000
15660.500000
15672.000000
15679.100000
15683.500000
15694.000000
15697.500000
15707.600000
15719.000000
15723.500000
15740.500000
15750.700000
15762.600000
15771.000000
15782.200000
15790.200000
15795.200000
15798.500000
15809.100000
15815.200000
15821.500000
15845.800000
15895.000000
15909.500000
15925.700000
15984.700000
15987.000000
16009.300000
16039.300000
16058.700000
16068.100000
16086.200000
16096.600000
16104.200000
16112.000000
16121.200000
16131.000000
16140.100000
16164.200000
16180.500000
16189.100000
16195.500000
16201.600000
16210.700000
16243.100000
16249.600000
16260.200000
16266.600000
16271.200000
16276.500000
16286.500000
16306.000000
16318.500000
16339.700000
16346.000000
16350.100000
16357.200000
16376.600000
16391.300000
16392.600000
16414.000000
16420.100000
16443.800000
16449.000000
16463.600000
16476.800000
16506.500000
16509.100000
16514.200000
16516.500000
16525.600000
16549.000000
16553.100000
16581.000000
16601.100000
16613.500000
16622.500000
16629.100000
16643.700000
16663.200000
16689.500000
16698.700000
16700.000000
16708.100000
16714.600000
16729.500000
16740.000000
16762.600000
16784.700000
16788.700000
16796.500000
16804.700000
16809.700000
16820.500000
16827.600000
16830.200000
16840.600000
16843.000000
16848.100000
16858.000000
16865.100000
16867.500000
16871.600000
16882.100000
16890.600000
16894.700000
16904.600000
16914.100000
16920.700000
16940.700000
16968.600000
16971.100000
16984.500000
16998.800000
17016.500000
17040.000000
17053.500000
17057.600000
17072.000000
17080.100000
17096.500000
17098.600000
17114.000000
17128.600000
17135.700000
17140.000000
17141.200000
17150.600000
17160.700000
17172.100000
17174.500000
17179.000000
17205.700000
17222.200000
17231.700000
17238.000000
17246.100000
17248.600000
17264.000000
17270.500000
17284.200000
17288.600000
17299.800000
17309.600000
17334.700000
17337.000000
17357.100000
17384.800000
17398.100000
17402.200000
17443.200000
17451.600000
17480.200000
17513.100000
17519.200000
17538.100000
17543.200000
17547.300000
17555.700000
17559.700000
17572.200000
17581.500000
17584.700000
17594.200000
17596.500000
17603.000000
17639.100000
17649.500000
17653.000000
17662.100000
17669.500000
17674.600000
17695.100000
17702.300000
17707.600000
17712.000000
17719.200000
17727.700000
17733.000000
17738.500000
17746.000000
17763.500000
17776.500000
17781.600000
17785.000000
17793.100000
17796.000000
17808.000000
17820.600000
17834.000000
17848.800000
17867.300000
17883.700000
17891.200000
17907.300000
17908.500000
17918.000000
17921.500000
17936.000000
17990.200000
17999.000000
18011.200000
18021.000000
18031.200000
18035.600000
18042.000000
18047.500000
18060.200000
18068.500000
18078.200000
18082.500000
18091.200000
18095.500000
18106.000000
18115.100000
18121.500000
18123.200000
18125.000000
18128.500000
18141.700000
18158.700000
18168.200000
18169.500000
18182.000000
18194.600000
18203.200000
18220.100000
18234.700000
18241.000000
18267.100000
18278.000000
18286.600000
18295.600000
18300.200000
18310.100000
18314.200000
18316.600000
18325.200000
18328.600000
18331.700000
18353.100000
18359.600000
18362.000000
18368.600000
18371.600000
18380.700000
18383.100000
18394.200000
18397.000000
18418.800000
18455.700000
18461.000000
18470.100000
18474.200000
18486.700000
18493.000000
18498.100000
18507.200000
18525.600000
18537.200000
18548.700000
18561.500000
18581.300000
18619.100000
18627.300000
18633.500000
18654.500000
18658.000000
18665.100000
18671.200000
18672.600000
18681.200000
18688.000000
18697.100000
18699.200000
18706.600000
18727.200000
18734.000000
18735.100000
18737.200000
18746.500000
18749.000000
18761.100000
18769.200000
18772.500000
18781.000000
18783.600000
18793.500000
18808.600000
18815.700000
18826.500000
18831.500000
18840.000000
18847.600000
18857.000000
18869.600000
18883.000000
18892.100000
18910.800000
18947.500000
18953.600000
18974.200000
18983.500000
18989.600000
19006.100000
19045.500000
19061.000000
19081.600000
19105.500000
19106.600000
19112.000000
19124.500000
19130.800000
19140.500000
19142.700000
19146.800000
19158.000000
19164.200000
19171.500000
19184.200000
19187.100000
19197.600000
19207.200000
19217.500000
19228.000000
19229.700000
19235.000000
19242.600000
19253.000000
19256.100000
19261.500000
19272.000000
19284.200000
19294.100000
19308.700000
19318.100000
19326.700000
19338.100000
19342.300000
19344.500000
19361.000000
19365.600000
19378.500000
19388.600000
19401.100000
19411.300000
19419.500000
19421.000000
19435.300000
19457.000000
19460.100000
19468.500000
19481.000000
19484.100000
19501.100000
19517.500000
19522.000000
19527.700000
19534.100000
19539.000000
19542.200000
19544.500000
19559.000000
19575.500000
19580.600000
19590.000000
19591.100000
19593.500000
19600.600000
19605.000000
19606.200000
19615.600000
19630.200000
19634.300000
19676.000000
19702.600000
19704.100000
19729.500000
19761.100000
19766.300000
19780.700000
19790.000000
19797.200000
19803.500000
19809.600000
19827.000000
19830.800000
19855.200000
19865.600000
19870.500000
19872.600000
19896.200000
19898.000000
19907.200000
19917.100000
19918.500000
19927.600000
19933.000000
19948.100000
19949.500000
19954.000000
19971.700000
19993.500000
20023.200000
20030.500000
20032.700000
20041.200000
20052.000000
20069.600000
20077.600000
20088.000000
20092.100000
20100.700000
20109.600000
20132.600000
20141.500000
20156.800000
20167.200000
20203.800000
20223.300000
20233.500000
20235.500000
20261.100000
20269.200000
20272.500000
20290.700000
20292.000000
20296.200000
20344.600000
20352.500000
20361.100000
20371.500000
20375.700000
20392.600000
20397.100000
20405.100000
20412.200000
20421.600000
20427.000000
20433.100000
20446.500000
20463.100000
20470.700000
20498.200000
20499.700000
20503.500000
20505.000000
20509.600000
20528.700000
20535.000000
20537.500000
20546.600000
20558.000000
20570.500000
20572.700000
20578.500000
20581.500000
20598.500000
20611.200000
20623.600000
20624.700000
20644.200000
20656.800000
20675.100000
20688.300000
20707.000000
20711.200000
20736.700000
20743.000000
20745.200000
20750.500000
20766.600000
20768.700000
20770.800000
20778.000000
20792.200000
20841.600000
20852.000000
20866.000000
20874.600000
20890.500000
20911.500000
20920.600000
20939.500000
20940.600000
20971.100000
20980.600000
20989.700000
20999.000000
21007.200000
21016.500000
21024.000000
21035.700000
21044.000000
21054.500000
21060.600000
21069.500000
21080.000000
21090.500000
21093.600000
21099.100000
21103.000000
21110.100000
21119.100000
21127.100000
21135.500000
21145.500000
21156.500000
21177.200000
21183.500000
21190.700000
21200.200000
21218.000000
21232.200000
21234.300000
21238.500000
21246.600000
21263.100000
21271.500000
21313.100000
21328.500000
21331.600000
21335.700000
21353.200000
21378.700000
21382.800000
21395.200000
21402.500000
21424.700000
21433.500000
21439.000000
21444.100000
21480.100000
21490.500000
21502.000000
21517.700000
21523.100000
21524.500000
21543.000000
21552.600000
21555.000000
21564.100000
21581.800000
21587.600000
21602.000000
21608.200000
21610.600000
21612.500000
21623.100000
21625.700000
21634.500000
21646.000000
21655.100000
21661.700000
21670.100000
21671.200000
21681.500000
21692.100000
21698.200000
21705.300000
21717.700000
21725.000000
21728.500000
21739.000000
21810.000000
21819.600000
21828.700000
21865.800000
21869.000000
21877.200000
21879.500000
21880.600000
21896.100000
21912.700000
21915.000000
21917.100000
21922.100000
21948.500000
21967.600000
21971.700000
21975.100000
21984.500000
21998.200000
22015.000000
22027.200000
22035.500000
22046.600000
22049.000000
22052.200000
22062.600000
22069.000000
22078.200000
22089.100000
22100.000000
22102.100000
22105.600000
22119.000000
22123.500000
22134.300000
22158.100000
22159.500000
22163.600000
22172.700000
22177.000000
22184.200000
22213.000000
22219.500000
22222.600000
22242.000000
22342.200000
22347.800000
22365.500000
22375.000000
22377.600000
22392.000000
22420.200000
22423.600000
22424.700000
22442.600000
22447.700000
22458.200000
22467.600000
22478.200000
22492.500000
22515.100000
22522.100000
22524.200000
22529.000000
22533.200000
22542.100000
22548.000000
22557.500000
22563.700000
22571.500000
22576.000000
22586.600000
22592.700000
22603.100000
22606.000000
22614.500000
22617.500000
22628.100000
22630.500000
22634.500000
22637.000000
22665.100000
22673.200000
22674.500000
22680.600000
22689.100000
22690.500000
22718.600000
22744.100000
22753.200000
22790.800000
22800.100000
22804.200000
22839.000000
22859.200000
22872.700000
22880.800000
22889.000000
22890.000000
22898.100000
22904.600000
22913.000000
22923.000000
22931.700000
22933.100000
22941.700000
22949.000000
22965.700000
22970.000000
22972.500000
22974.500000
22979.100000
22983.300000
22990.500000
23004.700000
23021.600000
23037.200000
23043.500000
23062.200000
23066.500000
23078.600000
23088.000000
23098.800000
23105.100000
23112.500000
23118.600000
23119.700000
23137.100000
23189.700000
23206.600000
23213.000000
23232.200000
23266.200000
23273.600000
23276.700000
23296.000000
23310.500000
23318.600000
23320.700000
23334.000000
23337.700000
23342.500000
23353.100000
23368.600000
23389.500000
23393.700000
23404.100000
23412.600000
23416.700000
23425.800000
23429.000000
23436.000000
23443.500000
23446.000000
23448.200000
23457.500000
23462.100000
23470.000000
23485.600000
23503.500000
23511.200000
23522.600000
23532.800000
23538.500000
23554.800000
23563.200000
23564.200000
23572.600000
23577.000000
23596.600000
23624.200000
23644.100000
23705.000000
23708.500000
23735.200000
23741.600000
23750.700000
23758.800000
23763.500000
23770.000000
23783.600000
23805.100000
23812.000000
23830.200000
23837.600000
23846.700000
23859.200000
23877.200000
23880.600000
23899.500000
23913.700000
23920.100000
23929.500000
23939.200000
23946.500000
23949.100000
23959.500000
23969.200000
23973.500000
23986.000000
23995.600000
24002.000000
24011.800000
24014.000000
24036.500000
24049.000000
24051.300000
24085.100000
24102.600000
24111.100000
24112.500000
24134.100000
24144.500000
24158.100000
24178.300000
24185.500000
24185.500000
24193.600000
24198.700000
24204.800000
24213.100000
24232.600000
24244.000000
24265.500000
24266.500000
24270.600000
24293.100000
24298.200000
24316.700000
24318.100000
24331.700000
24342.100000
24345.200000
24346.500000
24375.000000
24397.500000
24407.000000
24412.600000
24423.100000
24430.100000
24440.200000
24447.500000
24454.600000
24464.200000
24473.600000
24483.100000
24496.700000
24498.000000
24508.200000
24511.500000
24517.000000
24533.500000
24550.500000
24558.800000
24573.100000
24579.000000
24585.000000
24587.200000
24593.800000
24606.500000
24615.600000
24618.000000
24626.000000
24631.200000
24644.000000
24646.500000
24651.000000
24659.500000
24664.000000
24673.000000
24684.300000
24693.700000
24696.000000
24700.500000
24705.500000
24710.000000
24717.000000
24719.000000
24727.500000
24735.100000
24745.200000
24748.500000
24768.100000
24771.200000
24789.800000
24864.700000
24867.100000
24869.200000
24871.500000
24872.600000
24878.800000
24892.100000
24901.200000
24910.700000
24924.100000
24933.300000
24938.500000
24948.700000
24951.000000
24960.100000
24970.500000
24980.700000
24991.500000
24997.000000
25000.200000
25016.600000
25026.700000
25037.500000
25048.000000
25050.500000
25066.000000
25081.600000
25086.000000
25095.100000
25101.500000
25107.600000
25123.500000
25129.500000
25140.200000
25148.500000
25164.200000
25174.100000
25186.000000
25196.000000
25212.300000
25231.600000
25233.700000
25246.200000
25251.500000
25252.600000
25273.200000
25280.500000
25299.800000
25320.300000
25329.600000
25341.000000
25349.100000
25360.500000
25361.700000
25387.600000
25392.700000
25402.100000
25408.200000
25418.500000
25429.100000
25441.200000
25447.500000
25461.600000
25472.000000
25487.500000
25518.000000
25523.600000
25541.100000
25550.100000
25565.200000
25574.500000
25579.700000
25586.500000
25593.600000
25600.000000
25608.100000
25612.500000
25614.600000
25619.600000
25625.500000
25634.700000
25645.000000
25654.100000
25667.000000
25679.100000
25692.600000
25694.700000
25711.100000
25748.200000
25765.600000
25778.100000
25781.200000
25801.700000
25809.800000
25859.000000
25863.500000
25881.000000
25899.500000
25901.000000
25904.100000
25910.200000
25915.500000
25924.700000
25940.600000
25945.200000
25950.500000
25961.000000
25963.200000
25972.500000
25977.500000
25981.000000
25989.500000
25999.800000
26007.000000
26015.100000
26023.600000
26038.500000
26042.200000
26049.200000
26059.000000
26064.500000
26071.600000
26086.000000
26089.100000
26097.000000
26101.300000
26104.200000
26119.600000
26151.100000
26153.500000
26168.000000
26178.300000
26179.300000
26180.500000
26184.600000
26203.200000
26204.500000
26217.600000
26226.000000
26233.100000
26235.300000
26237.500000
26265.200000
26268.500000
26274.100000
26279.200000
26296.700000
26305.000000
26308.100000
26311.200000
26324.600000
26331.600000
26335.700000
26347.500000
26352.200000
26373.000000
26381.500000
26388.600000
26392.700000
26396.000000
26412.000000
26423.500000
26426.700000
26444.500000
26453.000000
26457.200000
26460.700000
26491.000000
26499.600000
26529.300000
26535.300000
26537.600000
26545.700000
26557.100000
26558.200000
26570.700000
26595.200000
26618.700000
26625.200000
26635.300000
26653.000000
26656.100000
26664.200000
26681.600000
26689.700000
26700.500000
26703.500000
26707.600000
26728.100000
26741.700000
26761.200000
26765.500000
26768.500000
26786.100000
26798.700000
26809.500000
26810.600000
26815.600000
26821.100000
26827.600000
26829.000000
26832.100000
26857.600000
26864.700000
26873.000000
26881.000000
26887.000000
26899.500000
26901.100000
26908.500000
26917.600000
26921.000000
26929.500000
26970.000000
26976.700000
26999.300000
27008.500000
27024.200000
27043.000000
27052.100000
27055.200000
27077.700000
27085.500000
27106.800000
27120.200000
27127.300000
27128.500000
27144.000000
27163.500000
27171.500000
27176.100000
27183.100000
27188.200000
27198.500000
27212.000000
27215.200000
27216.500000
27220.600000
27238.700000
27252.600000
27280.500000
27293.700000
27308.100000
27313.500000
27322.000000
27334.600000
27340.100000
27350.000000
27361.500000
27366.000000
27375.200000
27388.600000
27393.100000
27412.500000
27414.000000
27418.500000
27422.800000
27442.300000
27461.800000
27478.100000
27483.200000
27492.500000
27497.600000
27509.100000
27519.100000
27529.500000
27535.500000
27557.600000
27563.000000
27569.100000
27574.500000
27585.500000
27592.600000
27598.200000
27615.600000
27621.000000
27624.000000
27634.000000
27644.500000
27661.000000
27663.500000
27667.500000
27673.700000
27682.000000
27692.000000
27701.000000
27705.100000
27709.000000
27714.500000
27723.700000
27730.000000
27736.100000
27740.300000
27746.500000
27748.600000
27792.100000
27811.600000
27817.700000
27824.100000
27833.300000
27861.600000
27869.700000
27912.800000
27923.100000
27927.200000
27951.500000
27958.700000
27962.500000
27978.200000
27998.600000
28007.500000
28021.000000
28024.500000
28042.000000
28052.600000
28068.600000
28077.700000
28100.600000
28106.700000
28113.000000
28119.000000
28120.700000
28131.500000
28134.700000
28143.000000
28151.000000
28160.100000
28164.500000
28171.600000
28173.000000
28176.700000
28181.500000
28200.600000
28220.100000
28224.200000
28232.000000
28241.100000
28244.200000
28248.500000
28262.700000
28278.000000
28287.500000
28292.700000
28297.800000
28305.200000
28365.600000
28388.600000
28402.500000
28410.600000
28415.000000
28416.600000
28422.600000
28423.600000
28428.000000
28432.100000
28433.100000
28435.200000
28451.300000
28468.500000
28480.700000
28485.500000
28500.700000
28503.600000
28505.700000
28509.000000
28512.500000
28529.200000
28535.300000
28539.500000
28546.600000
28552.000000
28579.000000
28586.200000
28606.200000
28620.000000
28634.700000
28637.800000
28644.200000
28652.500000
28657.100000
28658.200000
28676.500000
28694.000000
28698.300000
28700.500000
28705.000000
28710.500000
28720.000000
28723.200000
28733.500000
28738.800000
28740.000000
28748.100000
28752.500000
28784.100000
28793.500000
28800.700000
28811.000000
28821.200000
28824.600000
28832.700000
28843.000000
28851.200000
28857.500000
28865.600000
28875.100000
28898.600000
28901.100000
28908.200000
28916.500000
28919.600000
28927.700000
28939.200000
28942.600000
28961.700000
28977.100000
28978.100000
28997.700000
29006.000000
29016.500000
29024.700000
29030.700000
29042.100000
29052.100000
29060.600000
29069.100000
29077.200000
29084.600000
29096.200000
29103.700000
29123.100000
29145.600000
29191.300000
29197.500000
29227.100000
29246.600000
29248.700000
29263.300000
29268.500000
29273.600000
29281.000000
29285.100000
29299.500000
29306.800000
29331.200000
29348.100000
29357.600000
29369.100000
29375.200000
29384.500000
29391.600000
29408.000000
29415.000000
29418.500000
29425.600000
29445.100000
29455.700000
29457.000000
29480.100000
29490.500000
29493.000000
29499.700000
29520.500000
29546.500000
29548.700000
29558.700000
29581.000000
29584.200000
29589.700000
29592.600000
29596.700000
29605.000000
29610.000000
29619.700000
29626.000000
29642.000000
29664.300000
29679.000000
29687.100000
29691.700000
29704.200000
29715.600000
29727.000000
29744.000000
29767.600000
29768.700000
29776.800000
29780.000000
29783.500000
29794.600000
29807.800000
29848.500000
29873.500000
29877.600000
29883.700000
29899.700000
29914.000000
29935.100000
29955.600000
29965.000000
29971.500000
29974.000000
29983.500000
29993.200000
30010.700000
30021.500000
30030.000000
30037.100000
30068.600000
30080.000000
30093.100000
30099.500000
30123.700000
30129.100000
30132.500000
30136.600000
30145.100000
30151.100000
30156.600000
30167.100000
30173.500000
30177.600000
30183.600000
30196.100000
30199.600000
30206.600000
30211.700000
30215.100000
30225.500000
30236.200000
30241.700000
30251.000000
30257.500000
30265.200000
30281.300000
30290.500000
30309.200000
30322.600000
30325.700000
30332.100000
30343.500000
30366.200000
30377.600000
30386.700000
30415.700000
30419.100000
30428.200000
30443.700000
30473.200000
30478.300000
30483.700000
30492.800000
30509.600000
30515.600000
30555.500000
30561.600000
30568.000000
30580.000000
30584.000000
30592.500000
30599.200000
30607.600000
30619.100000
30642.100000
30644.500000
30653.600000
30660.600000
30669.000000
30672.200000
30674.500000
30680.000000
30684.600000
30694.500000
30698.500000
30707.500000
30717.500000
30720.200000
30731.100000
30748.000000
30753.500000
30761.100000
30764.500000
30766.000000
30770.000000
30774.100000
30782.500000
30788.100000
30805.500000
30808.700000
30810.000000
30827.800000
30833.000000
30856.200000
30878.000000
30880.100000
30886.200000
30890.500000
30918.100000
30932.700000
30939.800000
31007.200000
31015.500000
31043.000000
31053.100000
31073.300000
31077.000000
31082.200000
31090.600000
31109.000000
31124.200000
31139.200000
31147.100000
31154.700000
31161.500000
31165.500000
31170.000000
31176.500000
31181.500000
31196.700000
31215.600000
31227.000000
31246.500000
31247.600000
31258.100000
31267.700000
31274.600000
31284.000000
31295.500000
31306.100000
31311.700000
31315.000000
31316.100000
31325.600000
31331.100000
31338.600000
31348.000000
31356.200000
31358.500000
31371.800000
31380.000000
31387.300000
31401.000000
31408.100000
31411.300000
31419.700000
31425.100000
31447.700000
31463.500000
31476.000000
31504.600000
31552.200000
31557.600000
31578.600000
31584.700000
31595.500000
31597.000000
31603.200000
31605.500000
31617.000000
31621.000000
31634.000000
31641.600000
31651.700000
31656.000000
31674.500000
31682.000000
31692.100000
31697.200000
31702.600000
31712.100000
31721.600000
31730.600000
31735.100000
31746.100000
31757.000000
31764.200000
31775.200000
31784.700000
31794.100000
31800.500000
31808.200000
31812.500000
31830.500000
31841.600000
31845.700000
31854.500000
31868.500000
31871.600000
31916.000000
31923.100000
31930.300000
31971.500000
31988.000000
32008.700000
32050.000000
32056.700000
32062.500000
32080.700000
32087.800000
32097.000000
32115.600000
32120.000000
32127.300000
32131.600000
32135.000000
32139.100000
32164.100000
32165.200000
32180.600000
32190.000000
32191.100000
32193.700000
32207.500000
32211.600000
32213.000000
32220.000000
32225.100000
32233.500000
32243.600000
32246.600000
32253.000000
32254.000000
32265.600000
32269.700000
32273.000000
32284.700000
32303.600000
32320.700000
32323.000000
32328.700000
32337.500000
32339.200000
32367.100000
32377.600000
32379.700000
32386.000000
32404.300000
32410.600000
32412.200000
32432.700000
32456.100000
32462.300000
32477.700000
32487.200000
32499.600000
32517.000000
32531.200000
32557.300000
32567.700000
32575.000000
32581.100000
32582.500000
32585.200000
32589.600000
32602.200000
32610.000000
32619.600000
32628.000000
32644.200000
32647.500000
32658.000000
32663.500000
32667.000000
32669.500000
32681.500000
32692.000000
32713.600000
32721.100000
32723.500000
32727.600000
32739.500000
32741.000000
32749.100000
32755.500000
32760.600000
32778.200000
32788.500000
32830.000000
32840.000000
32848.200000
32854.500000
32879.000000
32898.200000
32904.500000
32925.600000
32934.700000
32942.000000
32959.500000
32983.200000
32998.700000
33004.300000
33012.000000
33032.800000
33039.500000
33047.200000
33052.300000
33062.500000
33065.000000
33076.200000
33085.200000
33088.100000
33113.500000
33135.500000
33148.000000
33162.500000
33171.700000
33174.800000
33195.200000
33204.500000
33219.600000
33222.700000
33229.500000
33231.600000
33238.800000
33248.000000
33249.100000
33259.200000
33260.300000
33268.700000
33276.200000
33286.600000
33296.600000
33302.700000
33308.100000
33310.500000
33324.500000
33337.100000
33344.600000
33345.700000
33352.700000
33366.700000
33394.700000
33411.100000
33424.000000
33434.200000
33436.500000
33446.600000
33451.500000
33455.100000
33475.100000
33478.600000
33487.000000
33493.500000
33499.100000
33509.000000
33515.000000
33522.000000
33529.500000
33538.500000
33540.000000
33549.700000
33558.500000
33564.600000
33569.000000
33596.600000
33603.100000
33614.600000
33619.800000
33654.700000
33664.100000
33670.300000
33708.200000
33715.300000
33784.500000
33834.200000
33867.100000
33926.500000
33943.500000
33952.000000
33960.700000
33969.700000
33977.200000
33986.600000
33996.000000
34015.000000
34026.700000
34035.600000
34039.200000
34049.500000
34058.100000
34067.100000
34072.000000
34077.100000
34083.500000
34086.600000
34103.200000
34112.700000
34115.000000
34122.000000
34130.200000
34134.600000
34137.000000
34150.100000
34164.000000
34171.200000
34177.500000
34187.200000
34199.600000
34208.100000
34209.100000
34213.000000
34228.700000
14094.200000
14103.600000
14116.600000
14121.700000
14136.200000
14155.600000
14171.000000
14191.500000
14211.000000
14216.200000
14220.500000
14223.700000
14234.200000
14244.000000
14252.100000
14258.200000
14271.100000
14276.100000
14281.500000
14285.700000
14295.000000
14299.200000
14316.700000
14319.500000
14323.000000
14351.000000
14362.200000
14365.500000
14381.500000
14389.700000
14402.200000
14412.500000
14417.600000
14418.700000
14429.000000
14452.500000
14460.500000
14464.300000
14481.200000
14486.500000
14504.100000
14514.100000
14519.000000
14521.800000
14529.600000
14548.100000
14558.200000
14566.500000
14575.000000
14583.200000
14593.000000
14600.500000
14605.200000
14608.500000
14614.100000
14616.500000
14625.100000
14628.200000
14630.500000
14647.200000
14650.500000
14654.800000
14666.200000
14683.600000
14694.700000
14700.800000
14726.700000
14740.200000
14758.700000
14772.000000
14788.600000
14802.700000
14815.200000
14822.500000
14827.000000
14835.500000
14855.600000
14876.100000
14894.600000
14914.000000
14948.500000
14958.700000
14969.000000
14971.600000
14980.500000
14993.000000
15011.200000
15016.200000
15018.600000
15023.100000
15039.500000
15054.000000
15066.000000
15070.100000
15080.300000
15090.000000
15100.500000
15103.500000
15111.000000
15121.100000
15124.500000
15132.100000
15142.500000
15183.100000
15188.200000
15204.100000
15235.100000
15244.700000
15278.800000
15289.200000
15301.600000
15310.800000
15329.100000
15370.300000
15396.100000
15400.600000
15421.100000
15429.500000
15436.500000
15439.600000
15454.100000
15482.100000
15491.600000
15497.700000
15500.000000
15523.500000
15531.700000
15535.000000
15541.200000
15542.700000
15549.000000
15569.600000
15596.700000
15603.500000
15620.500000
15627.600000
15635.500000
15649.200000
15655.000000
15660.500000
15672.000000
15679.100000
15683.500000
15694.000000
15697.500000
15707.600000
15719.000000
15723.500000
15740.500000
15750.700000
15762.600000
15771.000000
15782.200000
15790.200000
15795.200000
15798.500000
15809.100000
15815.200000
15821.500000
15845.800000
15895.000000
15909.500000
15925.700000
15984.700000
15987.000000
16009.300000
16039.300000
16058.700000
16068.100000
16086.200000
16096.600000
16104.200000
16112.000000
16121.200000
16131.000000
16140.100000
16164.200000
16180.500000
16189.100000
16195.500000
16201.600000
16210.700000
16243.100000
16249.600000
16260.200000
16266.600000
16271.200000
16276.500000
16286.500000
16306.000000
16318.500000
16339.700000
16346.000000
16350.100000
16357.200000
16376.600000
16391.300000
16392.600000
16414.000000
16420.100000
16443.800000
16449.000000
16463.600000
16476.800000
16506.500000
16509.100000
16514.200000
16516.500000
16525.600000
16549.000000
16553.100000
16581.000000
16601.100000
16613.500000
16622.500000
16629.100000
16643.700000
16663.200000
16689.500000
16698.700000
16700.000000
16708.100000
16714.600000
16729.500000
16740.000000
16762.600000
16784.700000
16788.700000
16796.500000
16804.700000
16809.700000
16820.500000
16827.600000
16830.200000
16840.600000
16843.000000
16848.100000
16858.000000
16865.100000
16867.500000
16871.600000
16882.100000
16890.600000
16894.700000
16904.600000
16914.100000
16920.700000
16940.700000
16968.600000
16971.100000
16984.500000
16998.800000
17016.500000
17040.000000
17053.500000
17057.600000
17072.000000
17080.100000
17096.500000
17098.600000
17114.000000
17128.600000
17135.700000
17140.000000
17141.200000
17150.600000
17160.700000
17172.100000
17174.500000
17179.000000
17205.700000
17222.200000
17231.700000
17238.000000
17246.100000
17248.600000
17264.000000
17270.500000
17284.200000
17288.600000
17299.800000
17309.600000
17334.700000
17337.000000
17357.100000
17384.800000
17398.100000
17402.200000
17443.200000
17451.600000
17480.200000
17513.100000
17519.200000
17538.100000
17543.200000
17547.300000
17555.700000
17559.700000
17572.200000
17581.500000
17584.700000
17594.200000
17596.500000
17603.000000
17639.100000
17649.500000
17653.000000
17662.100000
17669.500000
17674.600000
17695.100000
17702.300000
17707.600000
17712.000000
17719.200000
17727.700000
17733.000000
17738.500000
17746.000000
17763.500000
17776.500000
17781.600000
17785.000000
17793.100000
17796.000000
17808.000000
17820.600000
17834.000000
17848.800000
17867.300000
17883.700000
17891.200000
17907.300000
17908.500000
17918.000000
17921.500000
17936.000000
17990.200000
17999.000000
18011.200000
18021.000000
18031.200000
18035.600000
18042.000000
18047.500000
18060.200000
18068.500000
18078.200000
18082.500000
18091.200000
18095.500000
18106.000000
18115.100000
18121.500000
18123.200000
18125.000000
18128.500000
18141.700000
18158.700000
18168.200000
18169.500000
18182.000000
18194.600000
18203.200000
18220.100000
18234.700000
18241.000000
18267.100000
18278.000000
18286.600000
18295.600000
18300.200000
18310.100000
18314.200000
18316.600000
18325.200000
18328.600000
18331.700000
18353.100000
18359.600000
18362.000000
18368.600000
18371.600000
18380.700000
18383.100000
18394.200000
18397.000000
18418.800000
18455.700000
18461.000000
18470.100000
18474.200000
18486.700000
18493.000000
18498.100000
18507.200000
18525.600000
18537.200000
18548.700000
18561.500000
18581.300000
18619.100000
18627.300000
18633.500000
18654.500000
18658.000000
18665.100000
18671.200000
18672.600000
18681.200000
18688.000000
18697.100000
18699.200000
18706.600000
18727.200000
18734.000000
18735.100000
18737.200000
18746.500000
18749.000000
18761.100000
18769.200000
18772.500000
18781.000000
18783.600000
18793.500000
18808.600000
18815.700000
18826.500000
18831.500000
18840.000000
18847.600000
18857.000000
18869.600000
18883.000000
18892.100000
18910.800000
18947.500000
18953.600000
18974.200000
18983.500000
18989.600000
19006.100000
19045.500000
19061.000000
19081.600000
19105.500000
19106.600000
19112.000000
19124.500000
19130.800000
19140.500000
19142.700000
19146.800000
19158.000000
19164.200000
19171.500000
19184.200000
19187.100000
19197.600000
19207.200000
19217.500000
19228.000000
19229.700000
19235.000000
19242.600000
19253.000000
19256.100000
19261.500000
19272.000000
19284.200000
19294.100000
19308.700000
19318.100000
19326.700000
19338.100000
19342.300000
19344.500000
19361.000000
19365.600000
19378.500000
19388.600000
19401.100000
19411.300000
19419.500000
19421.000000
19435.300000
19457.000000
19460.100000
19468.500000
19481.000000
19484.100000
19501.100000
19517.500000
19522.000000
19527.700000
19534.100000
19539.000000
19542.200000
19544.500000
19559.000000
19575.500000
19580.600000
19590.000000
19591.100000
19593.500000
19600.600000
19605.000000
19606.200000
19615.600000
19630.200000
19634.300000
19676.000000
19702.600000
19704.100000
19729.500000
19761.100000
19766.300000
19780.700000
19790.000000
19797.200000
19803.500000
19809.600000
19827.000000
19830.800000
19855.200000
19865.600000
19870.500000
19872.600000
19896.200000
19898.000000
19907.200000
19917.100000
19918.500000
19927.600000
19933.000000
19948.100000
19949.500000
19954.000000
19971.700000
19993.500000
20023.200000
20030.500000
20032.700000
20041.200000
20052.000000
20069.600000
20077.600000
20088.000000
20092.100000
20100.700000
20109.600000
20132.600000
20141.500000
20156.800000
20167.200000
20203.800000
20223.300000
20233.500000
20235.500000
20261.100000
20269.200000
20272.500000
20290.700000
20292.000000
20296.200000
20344.600000
20352.500000
20361.100000
20371.500000
20375.700000
20392.600000
20397.100000
20405.100000
20412.200000
20421.600000
20427.000000
20433.100000
20446.500000
20463.100000
20470.700000
20498.200000
20499.700000
20503.500000
20505.000000
20509.600000
20528.700000
20535.000000
20537.500000
20546.600000
20558.000000
20570.500000
20572.700000
20578.500000
20581.500000
20598.500000
20611.200000
20623.600000
20624.700000
20644.200000
20656.800000
20675.100000
20688.300000
20707.000000
20711.200000
20736.700000
20743.000000
20745.200000
20750.500000
20766.600000
20768.700000
20770.800000
20778.000000
20792.200000
20841.600000
20852.000000
20866.000000
20874.600000
20890.500000
20911.500000
20920.600000
20939.500000
20940.600000
20971.100000
20980.600000
20989.700000
20999.000000
21007.200000
21016.500000
21024.000000
21035.700000
21044.000000
21054.500000
21060.600000
21069.500000
21080.000000
21090.500000
21093.600000
21099.100000
21103.000000
21110.100000
21119.100000
21127.100000
21135.500000
21145.500000
21156.500000
21177.200000
21183.500000
21190.700000
21200.200000
21218.000000
21232.200000
21234.300000
21238.500000
21246.600000
21263.100000
21271.500000
21313.100000
21328.500000
21331.600000
21335.700000
21353.200000
21378.700000
21382.800000
21395.200000
21402.500000
21424.700000
21433.500000
21439.000000
21444.100000
21480.100000
21490.500000
21502.000000
21517.700000
21523.100000
21524.500000
21543.000000
21552.600000
21555.000000
21564.100000
21581.800000
21587.600000
21602.000000
21608.200000
21610.600000
21612.500000
21623.100000
21625.700000
21634.500000
21646.000000
21655.100000
21661.700000
21670.100000
21671.200000
21681.500000
21692.100000
21698.200000
21705.300000
21717.700000
21725.000000
21728.500000
21739.000000
21810.000000
21819.600000
21828.700000
21865.800000
21869.000000
21877.200000
21879.500000
21880.600000
21896.100000
21912.700000
21915.000000
21917.100000
21922.100000
21948.500000
21967.600000
21971.700000
21975.100000
21984.500000
21998.200000
22015.000000
22027.200000
22035.500000
22046.600000
22049.000000
22052.200000
22062.600000
22069.000000
22078.200000
22089.100000
22100.000000
22102.100000
22105.600000
22119.000000
22123.500000
22134.300000
22158.100000
22159.500000
22163.600000
22172.700000
22177.000000
22184.200000
22213.000000
22219.500000
22222.600000
22242.000000
22342.200000
22347.800000
22365.500000
22375.000000
22377.600000
22392.000000
22420.200000
22423.600000
22424.700000
22442.600000
22447.700000
22458.200000
22467.600000
22478.200000
22492.500000
22515.100000
22522.100000
22524.200000
22529.000000
22533.200000
22542.100000
22548.000000
22557.500000
22563.700000
22571.500000
22576.000000
22586.600000
22592.700000
22603.100000
22606.000000
22614.500000
22617.500000
22628.100000
22630.500000
22634.500000
22637.000000
22665.100000
22673.200000
22674.500000
22680.600000
22689.100000
22690.500000
22718.600000
22744.100000
22753.200000
22790.800000
22800.100000
22804.200000
22839.000000
22859.200000
22872.700000
22880.800000
22889.000000
22890.000000
22898.100000
22904.600000
22913.000000
22923.000000
22931.700000
22933.100000
22941.700000
22949.000000
22965.700000
22970.000000
22972.500000
22974.500000
22979.100000
22983.300000
22990.500000
23004.700000
23021.600000
23037.200000
23043.500000
23062.200000
23066.500000
23078.600000
23088.000000
23098.800000
23105.100000
23112.500000
23118.600000
23119.700000
23137.100000
23189.700000
23206.600000
23213.000000
23232.200000
23266.200000
23273.600000
23276.700000
23296.000000
23310.500000
23318.600000
23320.700000
23334.000000
23337.700000
23342.500000
23353.100000
23368.600000
23389.500000
23393.700000
23404.100000
23412.600000
23416.700000
23425.800000
23429.000000
23436.000000
23443.500000
23446.000000
23448.200000
23457.500000
23462.100000
23470.000000
23485.600000
23503.500000
23511.200000
23522.600000
23532.800000
23538.500000
23554.800000
23563.200000
23564.200000
23572.600000
23577.000000
23596.600000
23624.200000
23644.100000
23705.000000
23708.500000
23735.200000
23741.600000
23750.700000
23758.800000
23763.500000
23770.000000
23783.600000
23805.100000
23812.000000
23830.200000
23837.600000
23846.700000
23859.200000
23877.200000
23880.600000
23899.500000
23913.700000
23920.100000
23929.500000
23939.200000
23946.500000
23949.100000
23959.500000
23969.200000
23973.500000
23986.000000
23995.600000
24002.000000
24011.800000
24014.000000
24036.500000
24049.000000
24051.300000
24085.100000
24102.600000
24111.100000
24112.500000
24134.100000
24144.500000
24158.100000
24178.300000
24185.500000
24185.500000
24193.600000
24198.700000
24204.800000
24213.100000
24232.600000
24244.000000
24265.500000
24266.500000
24270.600000
24293.100000
24298.200000
24316.700000
24318.100000
24331.700000
24342.100000
24345.200000
24346.500000
24375.000000
24397.500000
24407.000000
24412.600000
24423.100000
24430.100000
24440.200000
24447.500000
24454.600000
24464.200000
24473.600000
24483.100000
24496.700000
24498.000000
24508.200000
24511.500000
24517.000000
24533.500000
24550.500000
24558.800000
24573.100000
24579.000000
24585.000000
24587.200000
24593.800000
24606.500000
24615.600000
24618.000000
24626.000000
24631.200000
24644.000000
24646.500000
24651.000000
24659.500000
24664.000000
24673.000000
24684.300000
24693.700000
24696.000000
24700.500000
24705.500000
24710.000000
24717.000000
24719.000000
24727.500000
24735.100000
24745.200000
24748.500000
24768.100000
24771.200000
24789.800000
24864.700000
24867.100000
24869.200000
24871.500000
24872.600000
24878.800000
24892.100000
24901.200000
24910.700000
24924.100000
24933.300000
24938.500000
24948.700000
24951.000000
24960.100000
24970.500000
24980.700000
24991.500000
24997.000000
25000.200000
25016.600000
25026.700000
25037.500000
25048.000000
25050.500000
25066.000000
25081.600000
25086.000000
25095.100000
25101.500000
25107.600000
25123.500000
25129.500000
25140.200000
25148.500000
25164.200000
25174.100000
25186.000000
25196.000000
25212.300000
25231.600000
25233.700000
25246.200000
25251.500000
25252.600000
25273.200000
25280.500000
25299.800000
25320.300000
25329.600000
25341.000000
25349.100000
25360.500000
25361.700000
25387.600000
25392.700000
25402.100000
25408.200000
25418.500000
25429.100000
25441.200000
25447.500000
25461.600000
25472.000000
25487.500000
25518.000000
25523.600000
25541.100000
25550.100000
25565.200000
25574.500000
25579.700000
25586.500000
25593.600000
25600.000000
25608.100000
25612.500000
25614.600000
25619.600000
25625.500000
25634.700000
25645.000000
25654.100000
25667.000000
25679.100000
25692.600000
25694.700000
25711.100000
25748.200000
25765.600000
25778.100000
25781.200000
25801.700000
25809.800000
25859.000000
25863.500000
25881.000000
25899.500000
25901.000000
25904.100000
25910.200000
25915.500000
25924.700000
25940.600000
25945.200000
25950.500000
25961.000000
25963.200000
25972.500000
25977.500000
25981.000000
25989.500000
25999.800000
26007.000000
26015.100000
26023.600000
26038.500000
26042.200000
26049.200000
26059.000000
26064.500000
26071.600000
26086.000000
26089.100000
26097.000000
26101.300000
26104.200000
26119.600000
26151.100000
26153.500000
26168.000000
26178.300000
26179.300000
26180.500000
26184.600000
26203.200000
26204.500000
26217.600000
26226.000000
26233.100000
26235.300000
26237.500000
26265.200000
26268.500000
26274.100000
26279.200000
26296.700000
26305.000000
26308.100000
26311.200000
26324.600000
26331.600000
26335.700000
26347.500000
26352.200000
26373.000000
26381.500000
26388.600000
26392.700000
26396.000000
26412.000000
26423.500000
26426.700000
26444.500000
26453.000000
26457.200000
26460.700000
26491.000000
26499.600000
26529.300000
26535.300000
26537.600000
26545.700000
26557.100000
26558.200000
26570.700000
26595.200000
26618.700000
26625.200000
26635.300000
26653.000000
26656.100000
26664.200000
26681.600000
26689.700000
26700.500000
26703.500000
26707.600000
26728.100000
26741.700000
26761.200000
26765.500000
26768.500000
26786.100000
26798.700000
26809.500000
26810.600000
26815.600000
26821.100000
26827.600000
26829.000000
26832.100000
26857.600000
26864.700000
26873.000000
26881.000000
26887.000000
26899.500000
26901.100000
26908.500000
26917.600000
26921.000000
26929.500000
26970.000000
26976.700000
26999.300000
27008.500000
27024.200000
27043.000000
27052.100000
27055.200000
27077.700000
27085.500000
27106.800000
27120.200000
27127.300000
27128.500000
27144.000000
27163.500000
27171.500000
27176.100000
27183.100000
27188.200000
27198.500000
27212.000000
27215.200000
27216.500000
27220.600000
27238.700000
27252.600000
27280.500000
27293.700000
27308.100000
27313.500000
27322.000000
27334.600000
27340.100000
27350.000000
27361.500000
27366.000000
27375.200000
27388.600000
27393.100000
27412.500000
27414.000000
27418.500000
27422.800000
27442.300000
27461.800000
27478.100000
27483.200000
27492.500000
27497.600000
27509.100000
27519.100000
27529.500000
27535.500000
27557.600000
27563.000000
27569.100000
27574.500000
27585.500000
27592.600000
27598.200000
27615.600000
27621.000000
27624.000000
27634.000000
27644.500000
27661.000000
27663.500000
27667.500000
27673.700000
27682.000000
27692.000000
27701.000000
27705.100000
27709.000000
27714.500000
27723.700000
27730.000000
27736.100000
27740.300000
27746.500000
27748.600000
27792.100000
27811.600000
27817.700000
27824.100000
27833.300000
27861.600000
27869.700000
27912.800000
27923.100000
27927.200000
27951.500000
27958.700000
27962.500000
27978.200000
27998.600000
28007.500000
28021.000000
28024.500000
28042.000000
28052.600000
28068.600000
28077.700000
28100.600000
28106.700000
28113.000000
28119.000000
28120.700000
28131.500000
28134.700000
28143.000000
28151.000000
28160.100000
28164.500000
28171.600000
28173.000000
28176.700000
28181.500000
28200.600000
28220.100000
28224.200000
28232.000000
28241.100000
28244.200000
28248.500000
28262.700000
28278.000000
28287.500000
28292.700000
28297.800000
28305.200000
28365.600000
28388.600000
28402.500000
28410.600000
28415.000000
28416.600000
28422.600000
28423.600000
28428.000000
28432.100000
28433.100000
28435.200000
28451.300000
28468.500000
28480.700000
28485.500000
28500.700000
28503.600000
28505.700000
28509.000000
28512.500000
28529.200000
28535.300000
28539.500000
28546.600000
28552.000000
28579.000000
28586.200000
28606.200000
28620.000000
28634.700000
28637.800000
28644.200000
28652.500000
28657.100000
28658.200000
28676.500000
28694.000000
28698.300000
28700.500000
28705.000000
28710.500000
28720.000000
28723.200000
28733.500000
28738.800000
28740.000000
28748.100000
28752.500000
28784.100000
28793.500000
28800.700000
28811.000000
28821.200000
28824.600000
28832.700000
28843.000000
28851.200000
28857.500000
28865.600000
28875.100000
28898.600000
28901.100000
28908.200000
28916.500000
28919.600000
28927.700000
28939.200000
28942.600000
28961.700000
28977.100000
28978.100000
28997.700000
29006.000000
29016.500000
29024.700000
29030.700000
29042.100000
29052.100000
29060.600000
29069.100000
29077.200000
29084.600000
29096.200000
29103.700000
29123.100000
29145.600000
29191.300000
29197.500000
29227.100000
29246.600000
29248.700000
29263.300000
29268.500000
29273.600000
29281.000000
29285.100000
29299.500000
29306.800000
29331.200000
29348.100000
29357.600000
29369.100000
29375.200000
29384.500000
29391.600000
29408.000000
29415.000000
29418.500000
29425.600000
29445.100000
29455.700000
29457.000000
29480.100000
29490.500000
29493.000000
29499.700000
29520.500000
29546.500000
29548.700000
29558.700000
29581.000000
29584.200000
29589.700000
29592.600000
29596.700000
29605.000000
29610.000000
29619.700000
29626.000000
29642.000000
29664.300000
29679.000000
29687.100000
29691.700000
29704.200000
29715.600000
29727.000000
29744.000000
29767.600000
29768.700000
29776.800000
29780.000000
29783.500000
29794.600000
29807.800000
29848.500000
29873.500000
29877.600000
29883.700000
29899.700000
29914.000000
29935.100000
29955.600000
29965.000000
29971.500000
29974.000000
29983.500000
29993.200000
30010.700000
30021.500000
30030.000000
30037.100000
30068.600000
30080.000000
30093.100000
30099.500000
30123.700000
30129.100000
30132.500000
30136.600000
30145.100000
30151.100000
30156.600000
30167.100000
30173.500000
30177.600000
30183.600000
30196.100000
30199.600000
30206.600000
30211.700000
30215.100000
30225.500000
30236.200000
30241.700000
30251.000000
30257.500000
30265.200000
30281.300000
30290.500000
30309.200000
30322.600000
30325.700000
30332.100000
30343.500000
30366.200000
30377.600000
30386.700000
30415.700000
30419.100000
30428.200000
30443.700000
30473.200000
30478.300000
30483.700000
30492.800000
30509.600000
30515.600000
30555.500000
30561.600000
30568.000000
30580.000000
30584.000000
30592.500000
30599.200000
30607.600000
30619.100000
30642.100000
30644.500000
30653.600000
30660.600000
30669.000000
30672.200000
30674.500000
30680.000000
30684.600000
30694.500000
30698.500000
30707.500000
30717.500000
30720.200000
30731.100000
30748.000000
30753.500000
30761.100000
30764.500000
30766.000000
30770.000000
30774.100000
30782.500000
30788.100000
30805.500000
30808.700000
30810.000000
30827.800000
30833.000000
30856.200000
30878.000000
30880.100000
30886.200000
30890.500000
30918.100000
30932.700000
30939.800000
31007.200000
31015.500000
31043.000000
31053.100000
31073.300000
31077.000000
31082.200000
31090.600000
31109.000000
31124.200000
31139.200000
31147.100000
31154.700000
31161.500000
31165.500000
31170.000000
31176.500000
31181.500000
31196.700000
31215.600000
31227.000000
31246.500000
31247.600000
31258.100000
31267.700000
31274.600000
31284.000000
31295.500000
31306.100000
31311.700000
31315.000000
31316.100000
31325.600000
31331.100000
31338.600000
31348.000000
31356.200000
31358.500000
31371.800000
31380.000000
31387.300000
31401.000000
31408.100000
31411.300000
31419.700000
31425.100000
31447.700000
31463.500000
31476.000000
31504.600000
31552.200000
31557.600000
31578.600000
31584.700000
31595.500000
31597.000000
31603.200000
31605.500000
31617.000000
31621.000000
31634.000000
31641.600000
31651.700000
31656.000000
31674.500000
31682.000000
31692.100000
31697.200000
31702.600000
31712.100000
31721.600000
31730.600000
31735.100000
31746.100000
31757.000000
31764.200000
31775.200000
31784.700000
31794.100000
31800.500000
31808.200000
31812.500000
31830.500000
31841.600000
31845.700000
31854.500000
31868.500000
31871.600000
31916.000000
31923.100000
31930.300000
31971.500000
31988.000000
32008.700000
32050.000000
32056.700000
32062.500000
32080.700000
32087.800000
32097.000000
32115.600000
32120.000000
32127.300000
32131.600000
32135.000000
32139.100000
32164.100000
32165.200000
32180.600000
32190.000000
32191.100000
32193.700000
32207.500000
32211.600000
32213.000000
32220.000000
32225.100000
32233.500000
32243.600000
32246.600000
32253.000000
32254.000000
32265.600000
32269.700000
32273.000000
32284.700000
32303.600000
32320.700000
32323.000000
32328.700000
32337.500000
32339.200000
32367.100000
32377.600000
32379.700000
32386.000000
32404.300000
32410.600000
32412.200000
32432.700000
32456.100000
32462.300000
32477.700000
32487.200000
32499.600000
32517.000000
32531.200000
32557.300000
32567.700000
32575.000000
32581.100000
32582.500000
32585.200000
32589.600000
32602.200000
32610.000000
32619.600000
32628.000000
32644.200000
32647.500000
32658.000000
32663.500000
32667.000000
32669.500000
32681.500000
32692.000000
32713.600000
32721.100000
32723.500000
32727.600000
32739.500000
32741.000000
32749.100000
32755.500000
32760.600000
32778.200000
32788.500000
32830.000000
32840.000000
32848.200000
32854.500000
32879.000000
32898.200000
32904.500000
32925.600000
32934.700000
32942.000000
32959.500000
32983.200000
32998.700000
33004.300000
33012.000000
33032.800000
33039.500000
33047.200000
33052.300000
33062.500000
33065.000000
33076.200000
33085.200000
33088.100000
33113.500000
33135.500000
33148.000000
33162.500000
33171.700000
33174.800000
33195.200000
33204.500000
33219.600000
33222.700000
33229.500000
33231.600000
33238.800000
33248.000000
33249.100000
33259.200000
33260.300000
33268.700000
33276.200000
33286.600000
33296.600000
33302.700000
33308.100000
33310.500000
33324.500000
33337.100000
33344.600000
33345.700000
33352.700000
33366.700000
33394.700000
33411.100000
33424.000000
33434.200000
33436.500000
33446.600000
33451.500000
33455.100000
33475.100000
33478.600000
33487.000000
33493.500000
33499.100000
33509.000000
33515.000000
33522.000000
33529.500000
33538.500000
33540.000000
33549.700000
33558.500000
33564.600000
33569.000000
33596.600000
33603.100000
33614.600000
33619.800000
33654.700000
33664.100000
33670.300000
33708.200000
33715.300000
33784.500000
33834.200000
33867.100000
33926.500000
33943.500000
33952.000000
33960.700000
33969.700000
33977.200000
33986.600000
33996.000000
34015.000000
34026.700000
34035.600000
34039.200000
34049.500000
34058.100000
34067.100000
34072.000000
34077.100000
34083.500000
34086.600000
34103.200000
34112.700000
34115.000000
34122.000000
34130.200000
34134.600000
34137.000000
34150.100000
34164.000000
34171.200000
34177.500000
34187.200000
34199.600000
34208.100000
34209.100000
34213.000000
34228.700000
