13711.500000
13719.300000
13735.000000
13739.100000
13748.200000
13753.400000
13777.000000
13778.100000
13794.000000
13804.100000
13812.200000
13818.500000
13820.000000
13830.400000
13831.700000
13841.000000
13856.500000
13868.200000
13874.500000
13875.600000
13900.200000
13910.400000
13919.800000
13926.000000
13949.000000
13963.000000
13966.700000
13977.100000
13986.100000
13993.500000
14001.000000
14006.500000
14020.600000
14033.100000
14037.500000
14043.700000
14049.000000
14051.300000
14058.500000
14068.000000
14077.100000
14088.000000
14096.500000
14107.000000
14112.600000
14118.000000
14129.100000
14139.500000
14154.500000
14168.000000
14180.600000
14196.100000
14199.200000
14208.500000
14225.100000
14236.600000
14240.900000
14291.700000
14306.200000
14342.000000
14346.100000
14355.500000
14365.800000
14379.200000
14395.000000
14404.000000
14414.100000
14416.200000
14421.600000
14429.800000
14439.100000
14441.100000
14446.500000
14455.600000
14460.000000
14466.600000
14468.100000
14484.600000
14497.800000
14507.200000
14512.500000
14515.800000
14524.000000
14532.700000
14557.000000
14559.200000
14566.300000
14571.000000
14575.000000
14581.500000
14583.000000
14603.000000
14620.000000
14631.100000
14671.100000
14672.200000
14688.600000
14704.200000
14706.300000
14726.500000
14741.700000
14753.000000
14756.100000
14761.100000
14770.300000
14782.600000
14792.000000
14797.100000
14810.400000
14829.000000
14837.100000
14842.700000
14845.800000
14856.100000
14863.600000
14869.700000
14871.800000
14893.000000
14895.500000
14899.900000
14905.000000
14922.000000
14932.300000
14936.500000
14942.600000
14946.700000
14950.500000
14969.200000
14974.600000
14977.500000
14991.900000
14998.000000
15007.000000
15038.000000
15048.000000
15067.100000
15078.500000
15080.800000
15098.100000
15099.300000
15100.600000
15109.700000
15120.300000
15141.700000
15149.900000
15170.200000
15173.300000
15178.000000
15184.300000
15226.200000
15252.100000
15253.400000
15258.500000
15282.100000
15297.700000
15305.000000
15315.000000
15326.000000
15334.500000
15339.000000
15348.700000
15372.900000
15399.500000
15402.600000
15413.000000
15425.000000
15431.000000
15440.500000
15442.600000
15446.600000
15457.500000
15460.700000
15468.500000
15479.100000
15497.600000
15506.000000
15509.000000
15517.500000
15522.000000
15524.500000
15533.500000
15542.100000
15554.900000
15557.100000
15569.600000
15577.000000
15587.100000
15626.700000
15632.000000
15635.200000
15637.500000
15642.600000
15656.400000
15672.600000
15681.200000
15703.600000
15711.900000
15719.300000
15720.500000
15721.800000
15730.000000
15738.500000
15747.500000
15749.000000
15751.100000
15756.500000
15776.100000
15786.200000
15793.500000
15795.200000
15800.300000
15811.500000
15817.600000
15833.200000
15835.300000
15837.700000
15841.100000
15842.700000
15849.000000
15851.000000
15861.000000
15863.500000
15873.000000
15877.500000
15879.500000
15892.100000
15907.400000
15917.500000
15924.900000
15962.500000
15984.000000
15999.300000
16005.300000
16018.000000
16024.200000
16030.700000
16040.000000
16046.100000
16055.500000
16083.200000
16104.700000
16135.600000
16139.100000
16147.400000
16151.500000
16152.700000
16160.800000
16164.000000
16174.500000
16183.100000
16190.600000
16197.000000
16203.200000
16218.600000
16235.700000
16243.200000
16245.500000
16252.600000
16254.300000
16259.600000
16262.000000
16272.000000
16275.300000
16284.500000
16286.500000
16299.600000
16303.100000
16311.500000
16316.500000
16321.100000
16330.600000
16342.000000
16350.100000
16368.400000
16381.000000
16391.200000
16395.300000
16398.400000
16401.600000
16416.000000
16424.300000
16431.500000
16432.600000
16435.900000
16440.000000
16444.100000
16458.700000
16468.800000
16472.000000
16480.100000
16512.700000
16523.000000
16539.200000
16546.700000
16555.800000
16557.200000
16559.000000
16567.500000
16569.000000
16573.500000
16576.600000
16577.800000
16587.200000
16610.500000
16615.100000
16633.100000
16640.000000
16650.500000
16660.600000
16663.500000
16670.600000
16674.500000
16682.600000
16690.700000
16716.600000
16729.200000
16737.600000
16739.000000
16765.500000
16773.800000
16779.000000
16786.100000
16790.300000
16814.900000
16818.100000
16842.800000
16898.700000
16911.000000
16918.200000
16924.400000
16944.000000
16961.500000
16980.100000
17017.600000
17027.900000
17029.200000
17035.300000
17047.000000
17050.700000
17056.000000
17057.100000
17059.200000
17067.000000
17068.100000
17083.800000
17094.000000
17135.700000
17138.500000
17147.600000
17152.500000
17160.100000
17169.500000
17181.500000
17190.800000
17199.600000
17206.000000
17213.100000
17221.000000
17225.500000
17235.600000
17293.100000
17294.200000
17314.800000
17316.200000
17319.300000
17337.000000
17343.500000
17346.600000
17357.700000
17383.100000
17402.800000
17417.100000
17420.200000
17421.300000
17438.600000
17445.000000
17451.100000
17459.200000
17462.500000
17491.500000
17500.000000
17502.600000
17511.000000
17521.100000
17528.500000
17540.000000
17558.000000
17562.100000
17572.100000
17590.600000
17601.100000
17608.300000
17614.700000
17624.500000
17631.800000
17636.000000
17643.400000
17663.500000
17672.000000
17684.500000
17690.000000
17693.000000
17695.400000
17704.000000
17721.200000
17728.800000
17737.000000
17746.400000
17753.600000
17760.000000
17767.100000
17780.300000
17794.600000
17802.800000
17815.300000
17825.700000
17837.500000
17866.400000
17875.500000
17926.200000
17932.600000
17940.000000
17951.100000
17954.200000
17967.500000
17979.000000
17981.600000
17987.700000
17990.000000
17996.800000
18007.000000
18016.500000
18017.600000
18021.200000
18057.100000
18063.500000
18067.600000
18073.100000
18077.500000
18086.200000
18099.600000
18103.000000
18105.500000
18120.600000
18125.800000
18139.500000
18158.500000
18165.100000
18190.600000
18199.600000
18207.000000
18244.100000
18247.300000
18255.000000
18259.000000
18264.100000
18270.300000
18276.400000
18314.100000
18320.300000
18330.400000
18338.500000
18347.800000
18369.200000
18379.400000
18387.500000
18396.500000
18406.000000
18419.700000
18424.500000
18426.600000
18435.300000
18445.000000
18447.500000
18468.000000
18471.500000
18486.100000
18490.700000
18505.100000
18507.200000
18513.000000
18516.300000
18523.000000
18529.500000
18540.100000
18560.000000
18564.000000
18573.000000
18584.600000
18593.800000
18603.100000
18611.200000
18617.500000
18627.600000
18634.600000
18651.100000
18659.200000
18679.500000
18690.500000
18722.100000
18746.000000
18765.700000
18766.800000
18786.400000
18805.000000
18815.200000
18832.600000
18843.800000
18847.800000
18857.000000
18860.600000
18870.000000
18884.000000
18888.800000
18903.500000
18907.000000
18917.500000
18927.000000
18938.700000
18949.400000
18955.900000
18963.000000
18969.700000
18979.100000
18985.600000
18991.000000
18993.000000
18994.500000
19006.500000
19010.200000
19014.500000
19017.000000
19022.500000
19029.500000
19040.100000
19042.200000
19049.000000
19054.400000
19074.600000
19100.100000
19108.700000
19111.900000
19127.200000
19137.600000
19149.200000
19154.300000
19169.700000
19174.900000
19200.600000
19210.700000
19216.000000
19222.100000
19240.500000
19253.000000
19261.100000
19264.200000
19278.600000
19307.200000
19330.300000
19350.100000
19390.500000
19401.000000
19403.500000
19417.300000
19421.500000
19458.500000
19460.800000
19469.000000
19475.100000
19494.000000
19501.500000
19507.000000
19514.800000
19520.000000
19523.000000
19530.100000
19533.600000
19544.000000
19553.100000
19565.500000
19581.200000
19582.500000
19592.800000
19598.000000
19614.700000
19619.200000
19645.700000
19652.800000
19663.000000
19664.500000
19678.700000
19687.900000
19697.200000
19701.300000
19705.400000
19742.800000
19746.000000
19748.800000
19751.500000
19754.700000
19761.000000
19762.500000
19764.000000
19773.600000
19775.300000
19780.500000
19785.000000
19787.500000
19797.000000
19803.000000
19816.500000
19830.500000
19833.000000
19845.000000
19854.500000
19884.000000
19893.100000
19903.400000
19909.500000
19925.900000
19932.100000
19941.100000
19957.100000
19958.200000
19965.500000
19977.800000
19989.100000
20022.800000
20029.000000
20039.300000
20054.600000
20066.000000
20098.900000
20100.000000
20105.200000
20113.500000
20115.700000
20137.100000
20139.500000
20147.200000
20154.000000
20164.600000
20167.500000
20170.000000
20196.600000
20206.700000
20209.000000
20227.000000
20237.700000
20268.300000
20278.500000
20287.500000
20289.500000
20293.000000
20294.100000
20303.300000
20317.100000
20329.500000
20341.200000
20342.200000
20350.300000
20364.700000
20370.800000
20388.300000
20396.500000
20403.100000
20410.200000
20417.400000
20445.200000
20460.900000
20462.000000
20486.800000
20499.600000
20507.800000
20515.400000
20532.100000
20533.500000
20537.700000
20553.100000
20556.500000
20585.500000
20591.600000
20599.000000
20611.100000
20619.100000
20621.500000
20623.000000
20630.100000
20631.300000
20636.500000
20641.200000
20646.500000
20657.100000
20659.500000
20669.600000
20675.100000
20688.000000
20696.500000
20701.600000
20719.500000
20728.600000
20756.100000
20770.700000
20780.900000
20796.100000
20805.300000
20808.500000
20825.100000
20830.200000
20840.300000
20843.400000
20851.500000
20859.600000
20864.700000
20875.200000
20879.500000
20881.600000
20895.100000
20901.200000
20919.800000
20944.500000
20966.600000
20975.200000
20983.500000
20991.500000
20995.000000
20997.100000
21009.000000
21014.500000
21020.000000
21022.500000
21039.100000
21045.600000
21056.200000
21060.500000
21068.000000
21071.000000
21084.100000
21087.500000
21092.800000
21099.000000
21106.500000
21115.200000
21117.000000
21128.000000
21140.000000
21144.500000
21167.300000
21199.700000
21230.400000
21241.700000
21245.800000
21250.000000
21266.700000
21271.000000
21281.200000
21291.400000
21304.800000
21323.200000
21330.100000
21331.500000
21338.600000
21351.100000
21363.300000
21380.900000
21382.000000
21393.500000
21400.800000
21410.000000
21423.700000
21428.000000
21434.100000
21445.500000
21449.600000
21457.000000
21464.600000
21475.100000
21478.600000
21493.500000
21499.100000
21502.600000
21509.700000
21522.700000
21535.100000
21541.500000
21555.100000
21561.300000
21568.100000
21607.500000
21623.600000
21625.100000
21631.100000
21639.100000
21646.000000
21648.100000
21657.100000
21662.000000
21670.600000
21676.000000
21697.100000
21706.000000
21711.100000
21718.500000
21724.000000
21727.500000
21741.200000
21748.700000
21751.900000
21753.000000
21769.200000
21776.500000
21782.000000
21788.100000
21808.300000
21817.400000
21829.700000
21866.100000
21874.300000
21878.300000
21906.100000
21917.400000
21996.500000
22005.600000
22010.700000
22017.000000
22026.100000
22043.800000
22060.200000
22069.500000
22074.000000
22102.000000
22106.500000
22109.500000
22117.600000
22122.500000
22136.100000
22137.300000
22146.500000
22149.600000
22162.500000
22173.000000
22181.200000
22189.100000
22191.200000
22203.000000
22209.500000
22211.100000
22220.100000
22241.500000
22248.300000
22261.000000
22265.500000
22297.000000
22304.100000
22326.700000
22333.000000
22340.200000
22361.700000
22369.000000
22421.300000
22435.000000
22463.600000
22465.900000
22475.000000
22482.400000
22495.800000
22506.000000
22516.300000
22529.200000
22533.900000
22555.000000
22559.100000
22562.800000
22569.000000
22577.100000
22586.300000
22595.500000
22611.000000
22623.600000
22640.700000
22656.100000
22659.000000
22667.700000
22679.500000
22685.700000
22695.100000
22704.500000
22706.600000
22715.300000
22723.000000
22733.500000
22739.500000
22743.600000
22767.500000
22776.700000
22778.800000
22789.000000
22793.100000
22800.200000
22813.000000
22825.600000
22850.100000
22852.200000
22860.500000
22865.700000
22872.800000
22883.500000
22893.600000
22909.000000
22924.600000
22933.800000
22948.000000
22950.500000
22965.000000
22982.000000
22984.200000
22991.600000
23001.700000
23007.000000
23010.500000
23019.400000
23029.800000
23036.100000
23050.700000
23056.500000
23064.300000
23071.100000
23089.400000
23095.100000
23107.200000
23109.500000
23125.500000
23136.000000
23146.500000
23166.400000
23168.000000
23173.500000
23184.000000
23194.100000
23203.700000
23214.000000
23220.200000
23237.200000
23238.300000
23240.500000
23252.800000
23278.000000
23281.100000
23283.500000
23285.000000
23294.400000
23314.700000
23343.300000
23365.700000
23397.900000
23425.500000
23435.000000
23453.500000
23454.700000
23462.300000
23469.500000
23473.600000
23481.800000
23492.600000
23499.900000
23510.000000
23511.100000
23529.000000
23536.000000
23538.500000
23549.100000
23555.200000
23563.500000
23568.600000
23575.500000
23583.000000
23599.000000
23608.500000
23618.500000
23625.500000
23628.700000
23652.400000
23654.800000
23658.800000
23679.500000
23687.800000
23694.000000
23710.500000
23714.600000
23721.700000
23751.500000
23762.700000
23775.500000
23794.700000
23822.100000
23824.400000
23848.500000
23860.100000
23885.600000
23896.200000
23901.300000
23906.500000
23912.600000
23932.400000
23937.600000
23953.100000
23955.200000
23957.500000
23972.800000
24006.600000
24017.500000
24028.300000
24033.500000
24044.500000
24060.100000
24075.500000
24080.500000
24084.500000
24092.600000
24097.600000
24104.100000
24116.600000
24125.700000
24134.800000
24152.000000
24160.200000
24163.800000
24165.000000
24180.100000
24182.200000
24222.000000
24231.700000
24244.100000
24254.400000
24257.500000
24267.600000
24290.200000
24300.300000
24309.500000
24311.700000
24324.500000
24341.000000
24346.100000
24352.500000
24360.500000
24368.000000
24375.800000
24395.400000
24401.600000
24412.500000
24416.600000
24420.100000
24423.300000
24434.600000
24444.000000
24449.700000
24465.500000
24484.500000
24491.600000
24513.700000
24529.100000
24541.400000
24554.000000
24556.100000
24559.300000
24569.500000
24578.000000
24588.200000
24591.300000
24599.600000
24607.700000
24617.900000
24622.000000
24631.500000
24654.800000
24658.000000
24659.200000
24669.300000
24673.500000
24682.700000
24687.800000
24691.200000
24711.700000
24713.800000
24726.500000
24736.600000
24747.500000
24749.900000
24765.000000
24773.100000
24788.000000
24790.100000
24801.500000
24805.600000
24833.000000
24841.000000
24850.000000
24857.500000
24866.600000
24875.700000
24910.800000
24915.200000
24919.500000
24925.600000
24931.800000
24940.100000
24945.200000
24954.700000
24972.000000
25001.400000
25005.600000
25009.700000
25019.000000
25030.200000
25040.800000
25045.900000
25048.000000
25074.000000
25075.100000
25093.000000
25100.700000
25110.000000
25128.100000
25132.100000
25139.400000
25146.500000
25154.500000
25163.800000
25165.100000
25172.700000
25180.100000
25182.600000
25194.000000
25204.100000
25206.000000
25214.000000
25218.700000
25233.000000
25235.500000
25239.500000
25254.100000
25256.500000
25265.000000
25275.000000
25276.500000
25281.000000
25283.300000
25293.500000
25300.000000
25310.500000
25318.600000
25335.200000
25346.000000
25347.500000
25368.900000
25388.200000
25395.600000
25403.900000
25430.200000
25434.500000
25454.100000
25458.300000
25468.600000
25498.400000
25503.600000
25534.200000
25540.500000
25543.000000
25548.100000
25554.200000
25565.100000
25567.300000
25578.500000
25582.000000
25587.200000
25602.500000
25613.500000
25623.600000
25630.000000
25635.500000
25641.700000
25647.000000
25655.100000
25663.200000
25671.300000
25675.600000
25686.600000
25688.800000
25696.500000
25699.800000
25703.100000
25717.000000
25727.000000
25735.500000
25743.500000
25756.200000
25772.000000
25779.100000
25787.400000
25791.500000
25798.800000
25809.100000
25813.200000
25836.700000
25840.000000
25849.200000
25876.300000
25885.400000
25910.800000
25922.200000
25925.300000
25939.600000
25945.000000
25967.900000
25983.100000
25986.300000
25992.500000
26014.500000
26020.600000
26030.000000
26050.500000
26055.600000
26061.100000
26068.800000
26077.000000
26085.500000
26102.200000
26107.700000
26120.100000
26122.200000
26132.600000
26137.000000
26143.500000
26163.600000
26171.500000
26177.500000
26192.500000
26197.600000
26228.300000
26235.500000
26242.800000
26249.900000
26260.000000
26269.200000
26270.900000
26295.500000
26311.900000
26353.500000
26372.800000
26393.100000
26394.200000
26402.500000
26412.800000
26423.100000
26441.600000
26458.500000
26461.600000
26481.500000
26483.000000
26485.600000
26493.000000
26503.300000
26516.000000
26523.500000
26550.600000
26574.000000
26575.500000
26588.000000
26598.100000
26610.200000
26620.000000
26627.100000
26636.200000
26672.900000
26678.500000
26683.800000
26708.200000
26712.300000
26719.500000
26735.700000
26748.400000
26757.500000
26762.700000
26770.800000
26786.800000
26787.900000
26789.000000
26795.700000
26803.000000
26804.000000
26821.800000
26824.100000
26832.500000
26843.500000
26858.500000
26862.300000
26866.500000
26868.000000
26876.600000
26887.600000
26893.000000
26900.100000
26907.000000
26914.500000
26917.000000
26922.100000
26933.500000
26940.100000
26969.000000
26977.000000
26992.000000
26998.600000
27003.600000
27008.500000
27016.600000
27020.500000
27027.100000
27031.500000
27040.600000
27048.600000
27071.500000
27074.500000
27080.100000
27092.700000
27095.800000
27105.000000
27116.600000
27149.400000
27164.700000
27170.800000
27177.900000
27189.200000
27190.500000
27214.000000
27230.300000
27250.700000
27260.300000
27272.800000
27280.500000
27314.300000
27359.500000
27361.000000
27367.100000
27381.600000
27401.500000
27412.400000
27422.500000
27440.000000
27448.100000
27469.100000
27492.100000
27499.500000
27504.700000
27512.100000
27518.500000
27525.500000
27537.000000
27554.600000
27572.200000
27616.800000
27619.900000
27644.700000
27649.100000
27653.200000
27655.300000
27665.500000
27688.300000
27696.500000
27697.600000
27727.600000
27736.200000
27743.700000
27753.900000
27757.000000
27769.400000
27772.500000
27779.600000
27808.100000
27819.600000
27823.000000
27831.300000
27836.600000
27867.500000
27880.000000
27880.000000
27884.500000
27890.700000
27898.100000
27907.600000
27912.500000
27917.800000
27921.300000
27935.000000
27939.300000
27956.500000
27965.600000
27971.700000
27980.900000
27987.300000
28027.000000
28047.600000
28075.000000
28079.100000
28087.200000
28095.300000
28113.600000
28142.500000
28152.600000
28161.500000
28168.200000
28169.500000
28177.100000
28186.500000
28195.800000
28204.000000
28214.900000
28221.200000
28235.200000
28241.600000
28255.000000
28260.100000
28267.000000
28274.600000
28277.000000
28284.100000
28289.700000
28296.100000
28300.500000
28308.600000
28312.000000
28314.100000
28318.200000
28323.300000
28330.500000
28334.400000
28340.500000
28344.500000
28347.000000
28364.700000
28372.900000
28378.000000
28386.500000
28395.800000
28405.200000
28406.400000
28421.600000
28429.000000
28437.100000
28447.200000
28455.300000
28464.700000
28484.300000
28495.800000
28505.900000
28509.000000
28516.100000
28521.200000
28532.700000
28542.100000
28554.600000
28557.700000
28566.000000
28567.100000
28583.000000
28591.300000
28600.100000
28607.500000
28636.500000
28639.300000
28648.000000
28656.100000
28676.000000
28684.100000
28692.500000
28697.600000
28699.700000
28708.000000
28711.100000
28723.000000
28728.500000
28738.000000
28741.100000
28760.500000
28780.700000
28782.800000
28785.200000
28793.500000
28810.100000
28821.600000
28825.800000
28829.900000
28895.500000
28903.600000
28911.700000
28916.200000
28930.000000
28935.500000
28947.000000
28950.200000
28963.600000
28972.100000
28979.000000
28984.300000
28986.500000
29000.800000
29003.000000
29006.500000
29007.600000
29008.900000
29015.200000
29022.600000
29030.800000
29042.500000
29071.400000
29088.500000
29094.500000
29103.700000
29108.500000
29113.600000
29121.700000
29140.800000
29150.000000
29160.100000
29188.100000
29197.300000
29232.200000
29236.400000
29250.600000
29260.000000
29279.200000
29282.500000
29285.600000
29288.700000
29292.800000
29311.300000
29317.500000
29319.600000
29325.700000
29326.800000
29336.000000
29343.200000
29344.500000
29351.700000
29370.200000
29371.300000
29374.400000
29383.500000
29411.500000
29422.000000
29423.100000
29429.600000
29432.000000
29438.100000
29442.500000
29446.500000
29456.600000
29459.500000
29467.600000
29476.000000
29483.500000
29485.500000
29509.000000
29519.100000
29532.000000
29537.000000
29544.000000
29553.600000
29556.700000
29565.000000
29566.200000
29570.300000
29572.500000
29585.000000
29602.100000
29611.400000
29627.800000
29661.600000
29688.300000
29695.500000
29696.600000
29700.700000
29719.300000
29723.500000
29755.400000
29772.000000
29782.200000
29788.500000
29792.000000
29800.600000
29830.500000
29857.600000
29875.000000
29898.000000
29921.600000
29926.100000
29932.400000
29934.500000
29935.700000
29962.000000
29972.600000
29977.000000
29982.000000
29989.100000
29995.500000
30000.500000
30003.100000
30009.300000
30017.500000
30022.500000
30036.000000
30048.700000
30067.500000
30078.800000
30089.100000
30100.500000
30106.700000
30118.700000
30128.000000
30132.600000
30138.700000
30151.500000
30160.700000
30163.000000
30167.300000
30172.400000
30180.600000
30188.700000
30211.100000
30230.600000
30236.000000
30242.100000
30249.200000
30259.300000
30267.400000
30274.500000
30276.600000
30305.300000
30319.600000
30329.000000
30337.100000
30338.300000
30404.200000
30415.000000
30416.500000
30424.800000
30452.200000
30455.300000
30463.000000
30470.100000
30483.900000
30503.100000
30513.200000
30523.500000
30541.000000
30568.500000
30594.200000
30601.500000
30611.500000
30620.500000
30621.500000
30628.600000
30639.500000
30649.500000
30671.000000
30676.600000
30685.500000
30695.500000
30703.000000
30710.700000
30737.300000
30762.600000
30763.700000
30774.100000
30783.200000
30790.300000
30814.200000
30818.300000
30831.900000
30834.300000
30851.600000
30857.000000
30864.300000
30875.600000
30889.200000
30907.800000
30925.400000
30933.500000
30937.500000
30955.000000
30965.200000
30976.600000
30998.500000
31013.200000
31018.500000
31024.600000
31031.000000
31040.500000
31055.500000
31069.500000
31079.600000
31092.400000
31096.500000
31098.600000
31106.600000
31113.000000
31121.500000
31124.600000
31134.500000
31145.000000
31147.500000
31158.000000
31164.500000
31205.100000
31219.700000
31229.800000
31231.000000
31272.100000
31279.200000
31288.500000
31289.800000
31308.400000
31316.700000
31325.800000
31345.300000
31355.500000
31360.600000
31386.500000
31411.200000
31418.300000
31423.900000
31435.500000
31444.100000
31445.500000
31454.000000
31457.000000
31459.200000
31464.500000
31481.700000
31485.100000
31487.200000
31495.700000
31500.000000
31509.400000
31518.500000
31521.100000
31540.100000
31573.100000
31577.500000
31594.600000
31605.000000
31610.500000
31622.000000
31630.000000
31641.000000
31644.100000
31647.500000
31649.500000
31653.100000
31660.300000
31673.000000
31698.500000
31706.600000
31756.400000
31774.600000
31798.400000
31824.000000
31827.300000
31834.600000
31845.000000
31851.100000
31861.200000
31892.900000
31897.100000
31922.000000
31926.000000
31927.300000
31936.500000
31944.700000
31949.000000
31953.200000
31961.500000
31974.000000
31981.500000
31991.600000
32002.600000
32005.800000
32017.500000
32023.600000
32025.700000
32027.000000
32031.500000
32039.600000
32049.200000
32056.800000
32067.500000
32078.000000
32081.800000
32092.300000
32103.000000
32107.500000
32118.500000
32152.600000
32157.000000
32184.900000
32192.000000
32193.100000
32239.600000
32246.700000
32264.100000
32267.200000
32285.000000
32286.100000
32293.300000
32303.400000
32315.800000
32316.900000
32331.100000
32337.300000
32353.600000
32377.700000
32387.100000
32414.600000
32417.000000
32427.200000
32457.300000
32466.800000
32472.000000
32482.600000
32489.000000
32509.500000
32527.500000
32537.700000
32552.600000
32569.200000
32574.300000
32582.500000
32589.700000
32599.000000
32610.000000
32620.000000
32637.800000
32647.900000
32649.200000
32659.600000
32690.400000
32703.700000
32710.800000
32738.000000
32777.200000
32784.000000
32789.600000
32793.700000
32800.900000
32805.000000
32815.800000
32819.500000
32824.000000
32834.200000
32852.800000
32858.000000
32867.100000
32883.000000
32885.100000
32891.500000
32892.500000
32903.200000
32905.000000
32911.000000
32921.100000
32929.500000
32953.700000
32958.100000
32968.300000
32976.600000
32983.100000
32996.500000
33000.500000
33007.500000
33010.100000
33027.200000
