0.000000
0.000000
0.000000
0.000000
0.000000
0.000000
0.000000
0.000000
0.000000
0.000000
0.000000
0.000000
0.018182
0.018182
0.018182
0.018182
0.018182
0.036364
0.036364
0.036364
0.036364
0.036364
0.036364
0.036364
0.036364
0.036364
0.036364
0.036364
0.036364
0.036364
0.036364
0.036364
0.036364
0.036364
0.036364
0.036364
0.036364
0.036364
0.036364
0.036364
0.036364
0.036364
0.036364
0.036364
0.036364
0.027273
0.027273
0.045455
0.045455
0.045455
0.045455
0.063636
0.063636
0.063636
0.063636
0.063636
0.063636
0.063636
0.081818
0.081818
0.081818
0.081818
0.081818
0.100000
0.100000
0.100000
0.100000
0.118182
0.118182
0.136364
0.136364
0.154545
0.172727
0.190909
0.181818
0.181818
0.181818
0.200000
0.200000
0.200000
0.200000
0.200000
0.200000
0.200000
0.200000
0.190909
0.190909
0.190909
0.181818
0.172727
0.172727
0.163636
0.163636
0.163636
0.163636
0.163636
0.163636
0.160606
0.151515
0.160606
0.160606
0.160606
0.169697
0.169697
0.169697
0.160606
0.160606
0.160606
0.160606
0.160606
0.160606
0.160606
0.160606
0.151515
0.151515
0.151515
0.151515
0.151515
0.151515
0.151515
0.151515
0.151515
0.160606
0.169697
0.169697
0.187879
0.193939
0.193939
0.193939
0.193939
0.193939
0.212121
0.212121
0.212121
0.212121
0.212121
0.212121
0.209091
0.209091
0.206061
0.203030
0.200000
0.200000
0.200000
0.203030
0.203030
0.203030
0.200000
0.200000
0.200000
0.200000
0.200000
0.200000
0.200000
0.200000
0.200000
0.196970
0.187879
0.187879
0.184848
0.181818
0.178788
0.169697
0.175758
0.175758
0.175758
0.175758
0.174242
0.174242
0.174242
0.174242
0.174242
0.174242
0.174242
0.174242
0.183333
0.181818
0.190909
0.190909
0.190909
0.190909
0.187879
0.186364
0.186364
0.186364
0.186364
0.186364
0.186364
0.186364
0.184848
0.184848
0.184848
0.181818
0.181818
0.181818
0.181818
0.180303
0.177273
0.180303
0.180303
0.180303
0.180303
0.180303
0.180303
0.180303
0.179394
0.179394
0.176364
0.176364
0.167273
0.167273
0.167273
0.166364
0.163333
0.163333
0.163333
0.161818
0.161818
0.160303
0.160303
0.160303
0.158788
0.158788
0.157879
0.157879
0.157879
0.156970
0.156970
0.155455
0.154545
0.152727
0.152727
0.152727
0.155758
0.155758
0.155758
0.155758
0.155758
0.155758
0.155758
0.154242
0.151212
0.154242
0.154242
0.154242
0.160303
0.160303
0.160303
0.160303
0.160303
0.158485
0.158485
0.158485
0.158485
0.158485
0.158485
0.158485
0.156970
0.156970
0.150909
0.149394
0.149394
0.149394
0.149394
0.149394
0.148788
0.147879
0.147879
0.147879
0.147879
0.147273
0.147273
0.147273
0.146364
0.145758
0.145758
0.144848
0.141818
0.144848
0.143333
0.143333
0.141818
0.138788
0.138788
0.132727
0.132727
0.132727
0.132727
0.132727
0.129697
0.129697
0.128788
0.128788
0.128788
0.128788
0.128355
0.127749
0.127749
0.127749
0.126840
0.126234
0.126234
0.126234
0.125801
0.125801
0.125801
0.125801
0.125801
0.125801
0.125801
0.125801
0.125195
0.122165
0.122165
0.120649
0.120649
0.119740
0.119134
0.117922
0.116407
0.115974
0.115974
0.115974
0.118571
0.118571
0.118571
0.118247
0.118247
0.117814
0.119632
0.119307
0.119307
0.119307
0.119307
0.119307
0.119307
0.118983
0.118983
0.118983
0.118074
0.120801
0.120801
0.123831
0.127468
0.127468
0.127468
0.130065
0.130065
0.130065
0.132662
0.132229
0.131320
0.130714
0.130714
0.128896
0.128896
0.128896
0.128896
0.127078
0.127078
0.127078
0.129805
0.133442
0.132229
0.132229
0.131623
0.131190
0.131190
0.130758
0.130758
0.130758
0.130758
0.130758
0.130758
0.130433
0.130108
0.130108
0.130108
0.130108
0.130108
0.130108
0.128896
0.128571
0.128571
0.127965
0.127965
0.127965
0.127965
0.126753
0.124935
0.123723
0.123470
0.123470
0.123470
0.123146
0.122540
0.122540
0.122540
0.122107
0.121501
0.121501
0.121176
0.119358
0.121089
0.120837
0.120231
0.120231
0.120231
0.119798
0.118932
0.118932
0.118608
0.121335
0.123153
0.122900
0.122900
0.122900
0.122294
0.122294
0.122294
0.122294
0.122294
0.122294
0.121645
0.121392
0.121392
0.121392
0.121392
0.120094
0.120094
0.119892
0.119892
0.122316
0.122316
0.122316
0.121883
0.121883
0.121883
0.120671
0.120346
0.120144
0.119892
0.119639
0.118773
0.118773
0.117561
0.117309
0.117056
0.116190
0.116190
0.115866
0.115866
0.115433
0.115000
0.115000
0.113182
0.113182
0.115779
0.115779
0.115779
0.115779
0.115779
0.115577
0.114711
0.113499
0.113297
0.113297
0.113297
0.115462
0.115462
0.115260
0.115260
0.114394
0.114141
0.113939
0.113939
0.113939
0.113939
0.115238
0.115238
0.114589
0.114589
0.114423
0.113774
0.113774
0.113572
0.113407
0.113154
0.111856
0.110990
0.110990
0.110737
0.110737
0.110737
0.112902
0.112902
0.114200
0.113876
0.113876
0.117512
0.119244
0.119244
0.121841
0.121841
0.121639
0.121639
0.121033
0.121033
0.121033
0.120868
0.119858
0.119858
0.119858
0.121806
0.121806
0.121156
0.120991
0.120991
0.120991
0.120991
0.122939
0.122939
0.122737
0.121763
0.121114
0.121114
0.120912
0.120912
0.120262
0.119938
0.119072
0.118423
0.118285
0.117780
0.117780
0.117780
0.117527
0.117094
0.116929
0.116764
0.116764
0.116764
0.116764
0.116259
0.116259
0.116259
0.116259
0.116259
0.115934
0.115934
0.115934
0.118207
0.120025
0.119520
0.119520
0.119520
0.119520
0.119520
0.119355
0.119217
0.119015
0.118611
0.118611
0.118611
0.118611
0.118445
0.117435
0.116627
0.116490
0.116490
0.115985
0.115660
0.114686
0.114484
0.114346
0.113841
0.113336
0.113336
0.114851
0.114851
0.114851
0.114202
0.114202
0.114202
0.114036
0.114036
0.114036
0.113899
0.113646
0.113646
0.113242
0.113242
0.113242
0.113077
0.113077
0.113077
0.114564
0.114564
0.114564
0.114427
0.114427
0.113669
0.113344
0.113228
0.115392
0.115255
0.114851
0.114447
0.113942
0.113825
0.113494
0.113090
0.112974
0.114256
0.114256
0.115879
0.115627
0.115461
0.115461
0.115461
0.114653
0.114653
0.114653
0.114401
0.114263
0.114163
0.114163
0.115651
0.115651
0.115651
0.115551
0.116543
0.117805
0.117805
0.119573
0.119486
0.119486
0.118825
0.118825
0.118825
0.118709
0.118709
0.118709
0.118709
0.118709
0.118709
0.118709
0.118709
0.120224
0.120224
0.120022
0.120022
0.121840
0.121723
0.121035
0.120897
0.120392
0.120116
0.120030
0.119892
0.119286
0.119286
0.118955
0.118680
0.118680
0.119779
0.119641
0.118833
0.118717
0.118717
0.118717
0.117959
0.117757
0.117353
0.117253
0.118465
0.118349
0.118349
0.118018
0.117614
0.117283
0.117283
0.117283
0.117283
0.117283
0.117167
0.117067
0.117067
0.117067
0.117067
0.117067
0.117067
0.116902
0.116902
0.116902
0.116319
0.117641
0.117555
0.119208
0.119132
0.119132
0.118526
0.117876
0.117380
0.117178
0.116774
0.116774
0.116699
0.116699
0.116599
0.116482
0.117474
0.116868
0.116868
0.116207
0.116207
0.115711
0.115644
0.115644
0.115644
0.115644
0.115139
0.115139
0.114863
0.114863
0.114863
0.114698
0.114698
0.114698
0.114631
0.114556
0.114469
0.114469
0.114194
0.114094
0.114094
0.113818
0.115586
0.115090
0.114857
0.114857
0.114624
0.114486
0.114486
0.113987
0.113573
0.113487
0.113487
0.113487
0.114974
0.114699
0.114699
0.114599
0.114268
0.115591
0.115491
0.116690
0.117972
0.117972
0.117972
0.118936
0.118936
0.118936
0.118936
0.118523
0.118523
0.119937
0.120763
0.120763
0.120563
0.120563
0.120130
0.119717
0.119631
0.119080
0.118942
0.118709
0.118592
0.118592
0.118592
0.118333
0.118333
0.118099
0.118024
0.118024
0.117886
0.117886
0.117886
0.117721
0.117721
0.117488
0.118810
0.118810
0.118810
0.118637
0.118637
0.118637
0.118287
0.118201
0.119302
0.119302
0.119236
0.119160
0.119100
0.119100
0.119100
0.118825
0.118825
0.118625
0.118509
0.118509
0.118509
0.118509
0.118509
0.118509
0.118309
0.118109
0.117759
0.117759
0.117673
0.117673
0.117500
0.117500
0.117224
0.116811
0.116228
0.116228
0.116228
0.117327
0.117268
0.117151
0.116655
0.116655
0.116306
0.116306
0.117471
0.117471
0.117412
0.117358
0.117292
0.117292
0.117032
0.117032
0.116732
0.116732
0.116632
0.116632
0.116632
0.116333
0.116333
0.116257
0.116257
0.116257
0.115907
0.115674
0.115607
0.115607
0.115607
0.115607
0.115434
0.114935
0.114935
0.114935
0.114761
0.114761
0.114761
0.114062
0.115476
0.115476
0.115303
0.115303
0.116212
0.116159
0.116159
0.116159
0.115693
0.115693
0.117107
0.117107
0.117048
0.117048
0.118149
0.118149
0.119053
0.118793
0.118642
0.118229
0.118986
0.120085
0.120085
0.120085
0.119934
0.119634
0.119634
0.119634
0.121011
0.121011
0.121011
0.120778
0.120778
0.121763
0.122824
0.122672
0.122672
0.122206
0.122147
0.121947
0.121687
0.121088
0.121012
0.121012
0.121012
0.121012
0.120785
0.120352
0.120352
0.120304
0.120304
0.120304
0.120004
0.121130
0.121082
0.121082
0.120703
0.120703
0.120443
0.120443
0.120443
0.120094
0.120094
0.120094
0.119894
0.119894
0.119894
0.119760
0.120959
0.120759
0.120759
0.120759
0.121957
0.121957
0.121862
0.121795
0.121795
0.122794
0.122642
0.122146
0.121973
0.121973
0.121507
0.121107
0.121800
0.121666
0.121666
0.121666
0.121493
0.121450
0.121223
0.121104
0.121104
0.121061
0.120833
0.120833
0.120700
0.120640
0.120640
0.120294
0.120034
0.120034
0.119915
0.119656
0.119477
0.119131
0.118930
0.118930
0.118864
0.118730
0.118730
0.118329
0.118329
0.118329
0.118096
0.117696
0.117696
0.117362
0.117362
0.117275
0.117142
0.117142
0.116611
0.116611
0.117477
0.117177
0.117177
0.116950
0.117989
0.118855
0.118359
0.117946
0.117946
0.117946
0.117946
0.118748
0.118748
0.118709
0.118709
0.118655
0.118655
0.119640
0.119489
0.119489
0.120393
0.120286
0.120286
0.119873
0.119873
0.119834
0.120873
0.121857
0.122761
0.122761
0.122501
0.122301
0.122301
0.123200
0.123200
0.122732
0.122653
0.122653
0.122453
0.122414
0.122354
0.122354
0.122176
0.122137
0.122018
0.121790
0.121672
0.121672
0.121672
0.121576
0.121504
0.121504
0.121398
0.121264
0.120967
0.120967
0.120848
0.120848
0.120621
0.120264
0.120211
0.121120
0.121084
0.121084
0.121036
0.121036
0.120836
0.120490
0.120490
0.120290
0.120290
0.120130
0.120130
0.120035
0.119999
0.119733
0.119733
0.119697
0.119524
0.119524
0.119346
0.119259
0.118843
0.118795
0.118795
0.118795
0.118795
0.118795
0.118795
0.118795
0.118699
0.118699
0.118699
0.118499
0.118499
0.118298
0.117995
0.117995
0.117952
0.117833
0.117833
0.117674
0.117641
0.117291
0.117225
0.117225
0.117119
0.117032
0.116889
0.116586
0.116408
0.116207
0.116207
0.116207
0.116101
0.115873
0.115673
0.115637
0.116470
0.116470
0.116364
0.116097
0.115778
0.115550
0.115391
0.115391
0.115391
0.115391
0.115190
0.115130
0.115130
0.116179
0.116000
0.115967
0.115967
0.115889
0.115849
0.115849
0.115690
0.115611
0.115611
0.115324
0.115324
0.115324
0.115146
0.115978
0.115978
0.115799
0.115704
0.115704
0.115704
0.115704
0.115526
0.115526
0.115495
0.115495
0.115495
0.115495
0.115123
0.115036
0.114993
0.114754
0.114457
0.114424
0.114157
0.114050
0.113617
0.113617
0.113617
0.113617
0.113282
0.113282
0.113243
0.113243
0.113243
0.113210
0.113114
0.113084
0.113054
0.113026
0.112866
0.112794
0.112794
0.112723
0.112723
0.112506
0.112347
0.112347
0.112347
0.112168
0.112132
0.112132
0.111989
0.111989
0.111655
0.111655
0.111655
0.111495
0.111409
0.111409
0.111143
0.111143
0.110991
0.110935
0.110698
0.110497
0.110338
0.110259
0.110259
0.110259
0.110193
0.110193
0.110193
0.109793
0.109768
0.109768
0.109768
0.109624
0.109588
0.109560
0.109474
0.109330
0.109330
0.109330
0.109278
0.109278
0.109145
0.109049
0.109019
0.109019
0.109019
0.109791
0.110397
0.110253
0.110253
0.110041
0.110041
0.109741
0.109741
0.109713
0.109680
0.109680
0.109585
0.109506
0.109203
0.109006
0.109819
0.109690
0.110455
0.111199
0.111134
0.111134
0.111004
0.110825
0.110795
0.111597
0.111251
0.111203
0.111203
0.111203
0.111203
0.111085
0.111085
0.111085
0.111085
0.111085
0.111085
0.111052
0.110872
0.110742
0.110742
0.110682
0.110552
0.110465
0.110465
0.110190
0.110046
0.109986
0.109986
0.109607
0.109607
0.109535
0.110248
0.110248
0.110248
0.110176
0.110090
0.110062
0.110062
0.110731
0.110705
0.110680
0.111445
0.111326
0.111153
0.111129
0.110999
0.110933
0.110877
0.110821
0.110821
0.110821
0.110797
0.110633
0.110525
0.110352
0.110352
0.110234
0.110234
0.110234
0.109937
0.109937
0.109937
0.109671
0.109671
0.109553
0.109395
0.109395
0.109317
0.110114
0.110008
0.109890
0.109890
0.109866
0.109547
0.109212
0.108961
0.108701
0.108398
0.108398
0.108398
0.108398
0.108111
0.108083
0.108083
0.109035
0.109005
0.109005
0.109005
0.109005
0.108953
0.108953
0.108714
0.108714
0.108692
0.108584
0.108584
0.108532
0.108532
0.108414
0.108392
0.108392
0.108152
0.108057
0.107791
0.107555
0.107529
0.107529
0.107232
0.107074
0.107003
0.107003
0.106811
0.107559
0.107559
0.108165
0.108165
0.107934
0.107836
0.107644
0.108195
0.108174
0.108174
0.108148
0.108148
0.108082
0.108082
0.108082
0.108765
0.108674
0.108674
0.108674
0.108674
0.108674
0.108650
0.108542
0.109278
0.109062
0.108983
0.108983
0.108832
0.108832
0.108784
0.108784
0.108764
0.108525
0.108525
0.108426
0.108398
0.108376
0.108376
0.108108
0.108060
0.107800
0.107756
0.107756
0.107453
0.107387
0.107387
0.107326
0.108124
0.108815
0.108794
0.108707
0.108599
0.109273
0.109273
0.109273
0.109100
0.109039
0.109039
0.108823
0.108823
0.109558
0.109558
0.109558
0.109558
0.110205
0.110205
0.110205
0.110121
0.110121
0.109834
0.109677
0.109677
0.109677
0.109537
0.109537
0.109492
0.109277
0.109257
0.109238
0.109215
0.109215
0.109018
0.109018
0.108806
0.108764
0.108746
0.109429
0.109249
0.109052
0.108792
0.108753
0.108735
0.108735
0.108735
0.108680
0.109326
0.109302
0.109284
0.109263
0.109239
0.109239
0.109239
0.109003
0.108845
0.108768
0.108768
0.108768
0.108768
0.108638
0.109357
0.110000
0.110000
0.109836
0.109737
0.110429
0.110408
0.110408
0.110408
0.110121
0.110076
0.109885
0.109867
0.109671
0.109539
0.109539
0.109382
0.109238
0.109238
0.109212
0.109212
0.108945
0.108884
0.108646
0.108604
0.108604
0.108604
0.108604
0.108582
0.108582
0.108582
0.108582
0.108582
0.108582
0.108582
0.108582
0.108526
0.108509
0.108410
0.108338
0.108338
0.108321
0.108321
0.108957
0.108784
0.108784
0.108784
0.108568
0.108447
0.108327
0.108986
0.109615
0.110241
0.110222
0.110057
0.109966
0.110615
0.110593
0.110515
0.110333
0.110190
0.110123
0.109907
0.109907
0.109907
0.109907
0.109907
0.109755
0.109739
0.109739
0.109582
0.109582
0.109543
0.109543
0.109526
0.109506
0.109506
0.109487
0.109487
0.109323
0.109281
0.109281
0.109244
0.109244
0.109031
0.109031
0.109591
0.109575
0.109491
0.109470
0.109470
0.109319
0.109167
0.109000
0.109000
0.109000
0.108856
0.108659
0.108635
0.108583
0.109331
0.109240
0.109732
0.110322
0.110250
0.110138
0.110653
0.110532
0.110515
0.110515
0.110263
0.110241
0.110241
0.110241
0.110808
0.110808
0.111434
0.111434
0.111254
0.111146
0.111084
0.110932
0.110932
0.110932
0.110932
0.110895
0.110895
0.110756
0.110717
0.110701
0.110617
0.110617
0.110405
0.110996
0.110976
0.110844
0.110844
0.110607
0.110558
0.110366
0.110351
0.110087
0.110087
0.110020
0.109888
0.109888
0.109874
0.109734
0.109734
0.109503
0.109503
0.109503
0.109426
0.109367
0.109367
0.109367
0.109351
0.109351
0.109314
0.109818
0.109767
0.109767
0.109554
0.109554
0.109554
0.109455
0.109213
0.109800
0.109649
0.109649
0.109527
0.109513
0.110073
0.110036
0.110036
0.110036
0.110036
0.110553
0.110553
0.110532
0.110367
0.110238
0.110098
0.110668
0.110623
0.110498
0.111016
0.111733
0.112300
0.112947
0.112835
0.112584
0.112521
0.112503
0.113006
0.113006
0.113006
0.112989
0.112877
0.112877
0.112857
0.113305
0.113305
0.113269
0.113269
0.113210
0.113161
0.113161
0.113106
0.113106
0.113106
0.113106
0.112890
0.112876
0.112756
0.112756
0.112722
0.112693
0.112693
0.112462
0.112462
0.112428
0.112263
0.112248
0.112234
0.112105
0.112105
0.112105
0.111953
0.111813
0.111765
0.111765
0.111674
0.112270
0.112876
0.112863
0.112759
0.112759
0.112732
0.112732
0.113213
0.113213
0.113213
0.113101
0.113101
0.113101
0.113577
0.113542
0.113542
0.113524
0.113524
0.113404
0.113264
0.113248
0.113248
0.113108
0.113093
0.112997
0.112785
0.112785
0.112730
0.112730
0.112523
0.112490
0.112458
0.112458
0.112354
0.112354
0.112158
0.112158
0.112028
0.111877
0.111842
0.111722
0.111638
0.112153
0.112697
0.112625
0.112583
0.112531
0.112340
0.112152
0.112139
0.111927
0.111881
0.111752
0.111721
0.111721
0.111706
0.111693
0.111693
0.111661
0.111661
0.111622
0.111555
0.111524
0.111291
0.111242
0.111242
0.111242
0.111242
0.111712
0.111698
0.111698
0.111698
0.111608
0.111512
0.111383
0.111383
0.111305
0.111262
0.111166
0.111166
0.111725
0.111529
0.111517
0.111517
0.111517
0.111491
0.111362
0.111257
0.111257
0.111257
0.111212
0.111195
0.111022
0.110843
0.110723
0.111180
0.111068
0.110844
0.110844
0.110664
0.110664
0.110634
0.110622
0.110622
0.110581
0.110581
0.111086
0.111086
0.111040
0.111040
0.110951
0.110938
0.110926
0.110926
0.110926
0.110926
0.110926
0.110814
0.110814
0.110814
0.111313
0.111285
0.111268
0.111171
0.111146
0.111117
0.110910
0.110838
0.110838
0.110796
0.110796
0.110759
0.110759
0.111319
0.111199
0.111199
0.111078
0.111078
0.111066
0.111066
0.111066
0.111066
0.111066
0.111066
0.111066
0.111001
0.111001
0.110844
0.110821
0.110821
0.111254
0.111239
0.111239
0.111211
0.111200
0.111200
0.111611
0.111611
0.112154
0.112127
0.112035
0.111880
0.111880
0.111880
0.111851
0.111784
0.111679
0.111668
0.111556
0.111436
0.111927
0.111927
0.111888
0.111855
0.111766
0.111766
0.111570
0.111570
0.111570
0.111424
0.111396
0.111396
0.111215
0.111215
0.111204
0.111107
0.111107
0.111107
0.111107
0.111023
0.111013
0.111531
0.111970
0.111927
0.111927
0.111927
0.112450
0.112435
0.112374
0.112335
0.112273
0.112273
0.112250
0.112172
0.112060
0.112034
0.111998
0.111998
0.111796
0.111572
0.111489
0.111377
0.111816
0.111730
0.111702
0.111545
0.112061
0.112061
0.112050
0.112551
0.113066
0.113066
0.113066
0.113066
0.113066
0.113056
0.113056
0.113019
0.113019
0.112928
0.112928
0.112902
0.112902
0.112902
0.112902
0.113495
0.113454
0.113336
0.113325
0.113325
