0.000000
0.000000
0.000000
0.000000
0.000000
0.000000
0.000000
0.000000
0.000000
0.000000
0.000000
0.000000
0.000000
0.018182
0.018182
0.018182
0.036364
0.036364
0.036364
0.036364
0.036364
0.036364
0.036364
0.036364
0.036364
0.036364
0.036364
0.036364
0.036364
0.036364
0.036364
0.054545
0.072727
0.072727
0.072727
0.072727
0.072727
0.090909
0.090909
0.090909
0.090909
0.090909
0.090909
0.090909
0.090909
0.090909
0.090909
0.090909
0.081818
0.081818
0.081818
0.081818
0.081818
0.081818
0.081818
0.081818
0.072727
0.072727
0.072727
0.072727
0.090909
0.090909
0.090909
0.090909
0.090909
0.090909
0.090909
0.090909
0.081818
0.081818
0.081818
0.081818
0.081818
0.081818
0.081818
0.081818
0.081818
0.081818
0.081818
0.081818
0.081818
0.081818
0.081818
0.081818
0.081818
0.081818
0.072727
0.072727
0.072727
0.072727
0.072727
0.072727
0.090909
0.090909
0.090909
0.090909
0.081818
0.081818
0.081818
0.081818
0.081818
0.081818
0.081818
0.081818
0.078788
0.078788
0.078788
0.078788
0.075758
0.075758
0.075758
0.075758
0.075758
0.075758
0.075758
0.075758
0.075758
0.075758
0.075758
0.075758
0.075758
0.084848
0.084848
0.084848
0.081818
0.081818
0.078788
0.078788
0.078788
0.087879
0.087879
0.087879
0.087879
0.087879
0.087879
0.087879
0.087879
0.087879
0.087879
0.086364
0.086364
0.086364
0.086364
0.086364
0.084848
0.084848
0.084848
0.084848
0.084848
0.084848
0.084848
0.084848
0.084848
0.084848
0.084848
0.084848
0.084848
0.089394
0.089394
0.080303
0.080303
0.080303
0.071212
0.071212
0.071212
0.080303
0.080303
0.077273
0.074242
0.074242
0.074242
0.074242
0.074242
0.074242
0.072727
0.069697
0.075758
0.075758
0.075758
0.075758
0.075758
0.075758
0.074848
0.074848
0.074848
0.073939
0.073939
0.073939
0.073939
0.073939
0.070909
0.069394
0.069394
0.078485
0.078485
0.078485
0.078485
0.078485
0.076970
0.076970
0.081515
0.087576
0.087576
0.084545
0.084545
0.084545
0.084545
0.084545
0.084545
0.084545
0.090606
0.087576
0.087576
0.087576
0.087576
0.087576
0.087576
0.087576
0.087576
0.086061
0.086061
0.086061
0.086061
0.084545
0.084545
0.084545
0.084545
0.088182
0.087576
0.087576
0.086667
0.085152
0.085152
0.085152
0.085152
0.085152
0.085152
0.082121
0.081212
0.081212
0.081212
0.081212
0.080303
0.080303
0.080303
0.080303
0.080303
0.083333
0.083333
0.083333
0.083333
0.083333
0.083333
0.083333
0.083333
0.083333
0.082424
0.082424
0.082424
0.082424
0.082424
0.080909
0.080000
0.080000
0.079091
0.079091
0.078182
0.076667
0.080303
0.079697
0.079697
0.079091
0.079091
0.079091
0.079091
0.079091
0.079091
0.079091
0.079091
0.079091
0.078182
0.078182
0.078182
0.077749
0.077749
0.077749
0.077749
0.077143
0.080779
0.080779
0.080779
0.080173
0.080173
0.080173
0.080173
0.080173
0.080173
0.080173
0.080173
0.080173
0.080173
0.080173
0.080173
0.080173
0.079567
0.079567
0.078961
0.078961
0.078961
0.078052
0.078052
0.078052
0.076537
0.076537
0.076537
0.076537
0.076537
0.079567
0.079567
0.079567
0.078961
0.078052
0.077446
0.077446
0.077446
0.077446
0.077446
0.077446
0.077446
0.077446
0.077446
0.077013
0.077013
0.077013
0.076688
0.076688
0.076255
0.075649
0.075649
0.075043
0.074610
0.074610
0.073095
0.073095
0.073095
0.073095
0.073095
0.073095
0.073095
0.073095
0.073095
0.073095
0.073095
0.073095
0.072662
0.072056
0.072056
0.071623
0.071623
0.071299
0.071299
0.071299
0.071299
0.071299
0.071299
0.070693
0.070260
0.070260
0.070260
0.070260
0.069827
0.069221
0.069221
0.069221
0.069221
0.071818
0.071818
0.074091
0.076818
0.076494
0.076061
0.078658
0.077749
0.077749
0.077143
0.076710
0.076710
0.076385
0.076385
0.076385
0.076385
0.076385
0.076385
0.076385
0.076061
0.077879
0.077626
0.077626
0.077626
0.077626
0.077626
0.077626
0.077626
0.077626
0.079899
0.079899
0.079899
0.079697
0.079697
0.079697
0.079697
0.079697
0.079697
0.079697
0.079444
0.079444
0.079444
0.079444
0.078232
0.078232
0.078232
0.078232
0.078232
0.077980
0.080144
0.079711
0.079711
0.079711
0.079711
0.079711
0.079459
0.079459
0.079459
0.079459
0.079206
0.078882
0.078882
0.078882
0.078882
0.078882
0.078629
0.078196
0.080794
0.080469
0.080144
0.081962
0.081962
0.081962
0.081710
0.081710
0.081385
0.081183
0.080981
0.082929
0.085354
0.085354
0.085354
0.085354
0.085152
0.085152
0.084986
0.084986
0.084986
0.084986
0.084986
0.083168
0.083168
0.082843
0.082843
0.082591
0.082591
0.082338
0.082014
0.081689
0.081364
0.083529
0.083529
0.083529
0.083529
0.083327
0.082461
0.082461
0.082461
0.081812
0.081812
0.081812
0.081610
0.079791
0.079626
0.079424
0.079424
0.079424
0.078775
0.078775
0.078775
0.078775
0.078775
0.078573
0.078068
0.077902
0.077902
0.077902
0.077902
0.077765
0.077765
0.077765
0.077563
0.077563
0.077563
0.077310
0.077310
0.077058
0.077058
0.076892
0.076387
0.076387
0.076222
0.074923
0.074923
0.074923
0.074923
0.074671
0.074505
0.074073
0.074073
0.074073
0.075891
0.077839
0.077839
0.079606
0.078741
0.078488
0.078236
0.077586
0.077586
0.079239
0.079074
0.079074
0.078909
0.078909
0.078505
0.078388
0.078388
0.078388
0.078388
0.078223
0.078085
0.078085
0.078085
0.078085
0.080358
0.080033
0.080033
0.079528
0.079528
0.079528
0.079528
0.079528
0.081346
0.081346
0.080942
0.080942
0.080740
0.080740
0.079766
0.079564
0.079564
0.079362
0.079224
0.079224
0.079022
0.078884
0.078884
0.078682
0.078033
0.078033
0.078033
0.076734
0.076597
0.076092
0.076092
0.077910
0.077772
0.077607
0.077607
0.077276
0.077160
0.077160
0.076994
0.078647
0.078647
0.078647
0.078647
0.078647
0.078547
0.078547
0.078547
0.078410
0.078410
0.078272
0.078155
0.077751
0.077614
0.077614
0.077448
0.076943
0.076539
0.076539
0.076209
0.075704
0.075538
0.075286
0.075286
0.075286
0.075120
0.076383
0.076383
0.076383
0.076245
0.076245
0.076245
0.076245
0.076245
0.076245
0.075841
0.075841
0.075841
0.075841
0.075704
0.075566
0.075313
0.076801
0.076714
0.078367
0.078367
0.078202
0.078202
0.078202
0.078102
0.078002
0.077598
0.077598
0.077598
0.077460
0.077460
0.077185
0.076377
0.075973
0.075973
0.075973
0.075835
0.075835
0.075670
0.075394
0.075278
0.075161
0.075023
0.074907
0.074907
0.074907
0.074907
0.074907
0.074807
0.074690
0.074360
0.074360
0.074360
0.074360
0.074127
0.074127
0.074010
0.074010
0.074010
0.074010
0.073934
0.073834
0.073697
0.073697
0.073580
0.073494
0.073261
0.073261
0.073261
0.073261
0.073261
0.073261
0.074559
0.074559
0.074443
0.074326
0.074240
0.074123
0.073921
0.073804
0.073804
0.073804
0.073667
0.073336
0.073220
0.072889
0.074188
0.074188
0.074188
0.074188
0.074188
0.074088
0.075603
0.075603
0.075527
0.075527
0.075527
0.075427
0.075327
0.075327
0.075327
0.074997
0.074997
0.074997
0.074997
0.074997
0.074897
0.074897
0.074897
0.074759
0.074484
0.074367
0.074202
0.074002
0.073671
0.073555
0.073279
0.073279
0.073193
0.072993
0.074392
0.074316
0.074316
0.074216
0.075208
0.075121
0.075021
0.074746
0.074629
0.074427
0.074427
0.074327
0.074327
0.074241
0.074068
0.074068
0.074068
0.073992
0.073303
0.073303
0.073138
0.073138
0.073138
0.073138
0.073138
0.073062
0.074439
0.074439
0.074353
0.074353
0.074286
0.073276
0.073000
0.073000
0.072901
0.072834
0.072601
0.072601
0.072427
0.072427
0.072194
0.072057
0.072057
0.071970
0.071883
0.071883
0.071797
0.071797
0.071697
0.071697
0.071580
0.071580
0.071480
0.071480
0.071480
0.071480
0.071480
0.071414
0.071414
0.071314
0.071314
0.071238
0.071138
0.071062
0.070787
0.070670
0.070554
0.070478
0.071604
0.071328
0.072494
0.072342
0.072342
0.072342
0.072255
0.072255
0.073454
0.073354
0.073354
0.073268
0.073208
0.073122
0.073055
0.073055
0.073055
0.073055
0.073055
0.072822
0.072755
0.072755
0.072603
0.072603
0.072603
0.072544
0.072311
0.073436
0.073436
0.073370
0.073270
0.073210
0.074336
0.074336
0.074269
0.074182
0.074083
0.074007
0.073774
0.073774
0.073707
0.073707
0.073707
0.072899
0.073909
0.073909
0.073771
0.073695
0.073462
0.073163
0.073011
0.073011
0.073011
0.073011
0.073011
0.073011
0.072811
0.072811
0.072611
0.072558
0.072505
0.072305
0.072305
0.072305
0.072219
0.072159
0.072106
0.072106
0.071523
0.071464
0.071464
0.071291
0.072360
0.072293
0.073419
0.073419
0.073360
0.073284
0.073284
0.073167
0.073167
0.072968
0.072834
0.072834
0.072173
0.073298
0.073222
0.073222
0.073136
0.072984
0.072931
0.072380
0.072380
0.072327
0.073388
0.073335
0.073335
0.073335
0.073335
0.073275
0.073156
0.072983
0.072983
0.072983
0.072783
0.072735
0.072735
0.073692
0.073692
0.073541
0.073281
0.073281
0.073222
0.073222
0.074232
0.074184
0.073984
0.073833
0.073785
0.073718
0.073718
0.073651
0.073517
0.073458
0.073458
0.073458
0.073399
0.073399
0.073225
0.074210
0.073711
0.074647
0.074647
0.074571
0.074495
0.074322
0.074322
0.074322
0.074322
0.074322
0.074263
0.074263
0.074035
0.073987
0.073921
0.073867
0.073694
0.073561
0.073517
0.073517
0.073464
0.073464
0.073464
0.073345
0.073292
0.073114
0.073008
0.073008
0.072834
0.072781
0.072722
0.072674
0.072674
0.072540
0.072540
0.072389
0.072289
0.072088
0.072088
0.072045
0.071969
0.072954
0.072781
0.072348
0.072197
0.072045
0.071978
0.071919
0.071919
0.071919
0.071919
0.071866
0.071747
0.071703
0.071544
0.071165
0.071165
0.071165
0.070965
0.070965
0.070813
0.070760
0.070707
0.070667
0.070201
0.070158
0.070158
0.070158
0.070158
0.070158
0.070110
0.070110
0.070062
0.070062
0.070023
0.070959
0.070911
0.070710
0.070643
0.070643
0.070510
0.071520
0.071472
0.071321
0.072256
0.073382
0.073329
0.073285
0.073107
0.073064
0.073064
0.073021
0.072887
0.072839
0.072839
0.072505
0.072466
0.072466
0.072418
0.072418
0.072374
0.072374
0.072308
0.072308
0.072272
0.072232
0.073064
0.073064
0.073005
0.072871
0.073732
0.073554
0.073495
0.073361
0.073361
0.073361
0.073313
0.072913
0.072913
0.072870
0.072822
0.072822
0.072716
0.072716
0.072572
0.072421
0.072421
0.072388
0.072388
0.072388
0.072345
0.072305
0.072262
0.072143
0.071984
0.071888
0.071852
0.071693
0.071693
0.071693
0.071574
0.071478
0.071478
0.071344
0.071344
0.071344
0.072176
0.072133
0.072094
0.072094
0.072094
0.072094
0.071796
0.071753
0.071700
0.071664
0.071558
0.071518
0.071465
0.071429
0.071429
0.071390
0.071390
0.071238
0.071185
0.071066
0.071066
0.071066
0.071034
0.070947
0.070899
0.070899
0.070863
0.070824
0.070824
0.070784
0.070519
0.070486
0.070450
0.070450
0.071341
0.071311
0.071311
0.071311
0.071204
0.070992
0.070848
0.070800
0.070800
0.070714
0.070627
0.070588
0.070588
0.070528
0.070528
0.070489
0.070489
0.070489
0.070453
0.071314
0.071136
0.071103
0.071969
0.072905
0.072905
0.072786
0.072667
0.072561
0.072561
0.072454
0.072321
0.072321
0.072281
0.072152
0.072152
0.072098
0.072051
0.071872
0.071872
0.071872
0.071713
0.071553
0.071553
0.071553
0.071553
0.071553
0.071553
0.071458
0.071422
0.071391
0.071355
0.071325
0.071289
0.071261
0.072027
0.071908
0.072666
0.072587
0.072557
0.072521
0.072414
0.072308
0.072308
0.072272
0.072229
0.072142
0.071903
0.071524
0.071524
0.071481
0.071448
0.071412
0.071412
0.071282
0.071282
0.071249
0.071249
0.071249
0.071216
0.071121
0.071025
0.070833
0.070833
0.070801
0.070705
0.070626
0.070626
0.070530
0.070500
0.070470
0.070470
0.070398
0.070355
0.070355
0.070327
0.070327
0.070327
0.070301
0.070268
0.070235
0.070075
0.070047
0.070017
0.070017
0.069969
0.069826
0.069793
0.069686
0.069633
0.069633
0.069605
0.069605
0.069572
0.069533
0.069533
0.069533
0.069415
0.069415
0.069385
0.069289
0.069982
0.069949
0.069949
0.070693
0.070477
0.070477
0.070451
0.070254
0.070254
0.070254
0.070110
0.070086
0.070060
0.070017
0.070017
0.069778
0.069748
0.069720
0.069654
0.069481
0.069453
0.069453
0.069422
0.069422
0.069350
0.069311
0.069181
0.069151
0.069112
0.069112
0.069025
0.068938
0.068860
0.068860
0.068781
0.068663
0.068633
0.068633
0.068602
0.068574
0.068574
0.068550
0.068514
0.068514
0.068514
0.068488
0.069224
0.069193
0.069193
0.069154
0.069154
0.069154
0.069126
0.069126
0.069047
0.069047
0.069813
0.070626
0.070602
0.070494
0.070337
0.070157
0.070157
0.070157
0.070071
0.069953
0.069927
0.070626
0.070540
0.070512
0.070476
0.070389
0.070389
0.070389
0.070259
0.070233
0.070205
0.070127
0.070040
0.070012
0.069986
0.069938
0.069912
0.069876
0.069876
0.069680
0.069608
0.069580
0.070229
0.070948
0.070922
0.070922
0.070896
0.070824
0.071496
0.071473
0.071445
0.071445
0.071445
0.071445
0.072128
0.072092
0.072068
0.072007
0.072007
0.071985
0.071877
0.071877
0.071747
0.071721
0.071697
0.071671
0.071593
0.071593
0.071420
0.071301
0.071276
0.071177
0.071177
0.071133
0.071133
0.071109
0.071109
0.070753
0.070681
0.070681
0.070681
0.070681
0.070681
0.070681
0.070681
0.070655
0.070634
0.071359
0.071336
0.071265
0.071174
0.071150
0.071127
0.071127
0.071106
0.070949
0.070949
0.070831
0.070809
0.070743
0.070719
0.070653
0.070653
0.070653
0.071377
0.072024
0.072683
0.073440
0.073385
0.073333
0.073310
0.073179
0.073155
0.073155
0.073094
0.073073
0.073012
0.072990
0.072990
0.072970
0.072970
0.073561
0.074252
0.074088
0.074064
0.074064
0.074064
0.074064
0.074003
0.073919
0.073600
0.073600
0.073567
0.073546
0.073546
0.073527
0.073383
0.073383
0.073359
0.073359
0.073359
0.074107
0.074084
0.074006
0.073945
0.073915
0.073891
0.073839
0.073818
0.073710
0.073686
0.073587
0.073539
0.073518
0.073496
0.073430
0.073430
0.074023
0.074771
0.074747
0.074724
0.074724
0.074545
0.074363
0.074345
0.074345
0.074326
0.074304
0.074238
0.074182
0.074809
0.074809
0.074789
0.074789
0.074770
0.074770
0.075494
0.075472
0.075472
0.075472
0.075453
0.075433
0.075385
0.075277
0.075232
0.075176
0.075155
0.075135
0.075027
0.075814
0.075814
0.075753
0.075732
0.075634
0.075634
0.075502
0.075411
0.075411
0.075320
0.075298
0.075242
0.075120
0.074833
0.074749
0.074698
0.074653
0.074633
0.074633
0.074469
0.074427
0.074406
0.074388
0.074370
0.074314
0.074293
0.074275
0.074254
0.074202
0.074809
0.074786
0.074786
0.074734
0.074734
0.074674
0.074674
0.074583
0.074583
0.074484
0.074454
0.074434
0.074434
0.074434
0.074356
0.074356
0.074356
0.074356
0.074205
0.073953
0.073953
0.073786
0.073786
0.073765
0.073765
0.073625
0.073547
0.073547
0.073530
0.073530
0.073530
0.073510
0.073370
0.073329
0.073972
0.073900
0.073900
0.073883
0.073864
0.074583
0.074544
0.074544
0.074544
0.074432
0.074415
0.074184
0.074184
0.074165
0.074165
0.074165
0.074066
0.074038
0.073990
0.073971
0.073951
0.073895
0.073895
0.073804
0.074486
0.074438
0.075110
0.075090
0.075018
0.074934
0.075601
0.075480
0.076030
0.075878
0.075878
0.075826
0.075807
0.075788
0.075698
0.075698
0.075680
0.075551
0.075447
0.075402
0.075402
0.075386
0.075936
0.075936
0.075724
0.075724
0.075724
0.075724
0.075584
0.075584
0.075506
0.075490
0.075438
0.075283
0.075283
0.075199
0.075181
0.075782
0.075522
0.075486
0.075467
0.075451
0.075339
0.075339
0.075287
0.075270
0.075225
0.075141
0.075069
0.074985
0.074965
0.075531
0.075531
0.075402
0.075324
0.075258
0.075258
0.075258
0.075242
0.075208
0.075109
0.075070
0.075050
0.075024
0.075007
0.074971
0.074887
0.074887
0.074766
0.074766
0.074766
0.074749
0.074749
0.074717
0.074675
0.074439
0.074999
0.074999
0.074999
0.074999
0.074895
0.074895
0.074895
0.074858
0.075484
0.075466
0.075451
0.075435
0.075358
0.075267
0.075251
0.075233
0.075217
0.075169
0.075169
0.075153
0.075119
0.075102
0.074982
0.074933
0.074885
0.074885
0.074885
0.074844
0.075439
0.075992
0.075958
0.075762
0.075684
0.076190
0.076122
0.076050
0.075921
0.075860
0.075843
0.075828
0.075793
0.075793
0.075763
0.075763
0.075763
0.075728
0.075714
0.075714
0.075699
0.075683
0.075616
0.075616
0.075600
0.075584
0.075584
0.075569
0.075530
0.075434
0.075356
0.075356
0.075339
0.075899
0.075899
0.075827
0.075743
0.075698
0.076275
0.076203
0.076052
0.076013
0.076013
0.075901
0.075838
0.075805
0.075709
0.076276
0.076260
0.076215
0.076191
0.076191
0.076079
0.075967
0.075889
0.075874
0.075874
0.075818
0.075781
0.075781
0.075739
0.075726
0.075726
0.075726
0.075726
0.075711
0.075496
0.075465
0.075398
0.075398
0.075384
0.075384
0.075343
0.075326
0.075237
0.075237
0.075132
0.075118
0.075028
0.075028
0.075013
0.074981
0.074964
0.074860
0.074846
0.074706
0.074706
0.074691
0.074632
0.074565
0.074533
0.074511
0.074354
0.074172
0.074089
0.074026
0.074011
0.073938
0.074470
0.074470
0.074470
0.074433
0.074962
0.074947
0.074934
0.074934
0.074934
0.074895
0.074895
0.074866
0.074768
0.075271
0.075256
0.075256
0.075226
0.075808
0.075745
0.075732
0.075665
0.075650
0.075615
0.075585
0.075387
0.075290
0.075185
0.075171
0.075136
0.075136
0.075084
0.075011
0.075011
0.074927
0.074844
0.074789
0.074789
0.074789
0.074737
0.074648
0.074635
0.074621
0.074600
0.074471
0.074432
0.074417
0.074359
0.074359
0.074275
0.074275
0.074248
0.074234
0.074220
0.074191
0.074099
0.074590
0.074577
0.074564
0.074552
0.074552
0.074523
0.074523
0.074523
0.074523
0.074491
0.074439
0.074403
0.074389
0.074389
0.074389
0.074243
0.074214
0.074032
0.074681
0.074633
0.074633
0.074587
0.074587
0.074575
0.074477
0.074463
0.074956
0.074893
0.074815
0.074815
0.074815
0.074801
0.074774
0.074774
0.074761
0.074749
0.075251
0.075251
0.075173
0.075173
0.075173
0.075162
0.075125
0.075113
0.075079
0.074942
0.074942
0.074942
0.074893
0.075376
0.075356
0.075325
0.075855
0.076377
0.076364
0.076319
0.076242
0.076198
0.076030
0.076003
0.075989
0.075989
0.075962
0.075935
0.075767
0.075704
0.075612
0.075564
0.075564
