0.000000
0.000000
0.000000
0.000000
0.000000
0.000000
0.000000
0.018182
0.018182
0.018182
0.018182
0.036364
0.036364
0.036364
0.036364
0.036364
0.036364
0.036364
0.036364
0.036364
0.054545
0.054545
0.054545
0.054545
0.054545
0.072727
0.072727
0.072727
0.090909
0.090909
0.090909
0.090909
0.090909
0.090909
0.090909
0.090909
0.090909
0.090909
0.081818
0.081818
0.081818
0.081818
0.081818
0.081818
0.081818
0.081818
0.081818
0.081818
0.081818
0.081818
0.072727
0.072727
0.072727
0.072727
0.072727
0.090909
0.090909
0.090909
0.090909
0.090909
0.090909
0.090909
0.109091
0.127273
0.127273
0.127273
0.127273
0.145455
0.145455
0.136364
0.154545
0.154545
0.154545
0.154545
0.154545
0.154545
0.154545
0.154545
0.154545
0.172727
0.172727
0.169697
0.169697
0.169697
0.169697
0.169697
0.169697
0.169697
0.169697
0.169697
0.169697
0.166667
0.157576
0.157576
0.157576
0.157576
0.157576
0.157576
0.148485
0.148485
0.148485
0.148485
0.148485
0.148485
0.148485
0.148485
0.148485
0.148485
0.148485
0.139394
0.139394
0.139394
0.139394
0.139394
0.139394
0.139394
0.139394
0.139394
0.137879
0.137879
0.146970
0.146970
0.146970
0.145455
0.145455
0.142424
0.142424
0.142424
0.142424
0.142424
0.142424
0.142424
0.142424
0.142424
0.151515
0.142424
0.133333
0.133333
0.133333
0.133333
0.139394
0.139394
0.139394
0.145455
0.142424
0.142424
0.142424
0.142424
0.142424
0.142424
0.133333
0.130303
0.121212
0.121212
0.121212
0.130303
0.130303
0.130303
0.129394
0.129394
0.127879
0.127879
0.126970
0.126970
0.133030
0.133030
0.133030
0.133030
0.133030
0.133030
0.133030
0.133030
0.133030
0.133030
0.133030
0.133030
0.130000
0.128485
0.128485
0.128485
0.128485
0.125455
0.125455
0.122424
0.122424
0.119394
0.119394
0.117879
0.117879
0.117879
0.117879
0.117879
0.117879
0.117879
0.116364
0.116364
0.116364
0.116364
0.116364
0.116364
0.116364
0.113333
0.113333
0.113333
0.111818
0.110303
0.110303
0.107273
0.107273
0.107273
0.107273
0.110909
0.110909
0.104848
0.103939
0.102424
0.102424
0.102424
0.101515
0.100606
0.099697
0.099697
0.099697
0.099697
0.098182
0.098182
0.098182
0.097576
0.097576
0.097576
0.097576
0.097576
0.097576
0.100606
0.105152
0.105152
0.109697
0.108182
0.107273
0.111818
0.108788
0.107879
0.107879
0.107879
0.107879
0.107879
0.107879
0.106061
0.104545
0.104545
0.103636
0.103636
0.108182
0.107273
0.107273
0.107273
0.110303
0.110303
0.109697
0.114242
0.114242
0.114242
0.114242
0.113333
0.113333
0.112424
0.111818
0.111818
0.110303
0.110303
0.109870
0.109870
0.109870
0.115931
0.115022
0.114416
0.114416
0.112900
0.112900
0.112900
0.112900
0.112900
0.112576
0.111667
0.111667
0.111667
0.111667
0.111667
0.110455
0.109545
0.109113
0.109113
0.109113
0.109113
0.109113
0.109113
0.109113
0.109113
0.109113
0.108203
0.108203
0.108203
0.108203
0.108203
0.107771
0.107165
0.107165
0.107165
0.107165
0.107165
0.106255
0.106255
0.106255
0.104740
0.104740
0.104740
0.103831
0.103831
0.106255
0.105346
0.107771
0.107771
0.107165
0.106558
0.108983
0.112013
0.111407
0.108377
0.108377
0.108377
0.108377
0.108124
0.108124
0.110548
0.110115
0.109509
0.109509
0.109509
0.111025
0.111025
0.111025
0.111025
0.110418
0.109986
0.109553
0.109228
0.108362
0.108362
0.110786
0.110786
0.110354
0.109747
0.109747
0.108838
0.107973
0.107973
0.107107
0.107107
0.106905
0.106905
0.106039
0.106039
0.106039
0.106039
0.106039
0.106039
0.105433
0.105433
0.105433
0.105000
0.105000
0.105000
0.105000
0.104747
0.104747
0.104747
0.104423
0.104423
0.103990
0.103557
0.102951
0.102345
0.101739
0.101739
0.101739
0.101739
0.101739
0.101739
0.101739
0.101306
0.101306
0.104336
0.104336
0.104336
0.104084
0.103434
0.103001
0.103001
0.103001
0.102352
0.102352
0.101919
0.101919
0.099192
0.098326
0.097460
0.097460
0.097258
0.096934
0.096934
0.096934
0.096934
0.096934
0.096934
0.096768
0.096335
0.096335
0.096335
0.096011
0.096011
0.096011
0.096011
0.095686
0.095037
0.097057
0.097057
0.100087
0.100087
0.099763
0.099157
0.098724
0.098399
0.098074
0.097822
0.097497
0.097497
0.097497
0.097172
0.097172
0.096667
0.096667
0.096343
0.096343
0.096090
0.095838
0.095513
0.094864
0.094864
0.094214
0.092396
0.092396
0.092396
0.092231
0.092231
0.091798
0.091798
0.091798
0.091798
0.091365
0.091365
0.091365
0.091040
0.090607
0.090607
0.089958
0.089633
0.089128
0.088926
0.088421
0.086603
0.086603
0.086351
0.086351
0.086351
0.086213
0.086011
0.086011
0.085506
0.085304
0.085304
0.085102
0.085102
0.085102
0.085102
0.087374
0.089647
0.089647
0.089395
0.089142
0.091415
0.090116
0.090116
0.089791
0.089791
0.091559
0.091126
0.090924
0.090419
0.090419
0.090094
0.088882
0.088377
0.088377
0.088053
0.087800
0.087548
0.087295
0.086891
0.086891
0.086891
0.086891
0.086891
0.086638
0.086386
0.088659
0.088255
0.088089
0.088089
0.088089
0.087685
0.087685
0.089503
0.089503
0.089503
0.089503
0.091156
0.091156
0.090991
0.090789
0.090673
0.090673
0.090348
0.090183
0.089779
0.089576
0.091395
0.091395
0.091193
0.090789
0.090789
0.090623
0.090623
0.090371
0.089967
0.089967
0.089714
0.089512
0.089512
0.089182
0.089016
0.089016
0.089016
0.088764
0.088488
0.088488
0.088388
0.088388
0.088388
0.088388
0.088186
0.088049
0.087911
0.087773
0.087773
0.087773
0.087773
0.087608
0.087406
0.087241
0.086910
0.086657
0.086520
0.086520
0.088035
0.087704
0.087704
0.087300
0.087098
0.086846
0.086846
0.086846
0.086846
0.086708
0.086543
0.086290
0.086290
0.086290
0.085960
0.085707
0.085542
0.085376
0.085174
0.085174
0.084844
0.084591
0.084389
0.084273
0.084108
0.083905
0.083905
0.083905
0.083768
0.083768
0.083602
0.083516
0.083399
0.083124
0.084777
0.086075
0.086075
0.086075
0.086075
0.086075
0.086075
0.085938
0.087669
0.087467
0.087351
0.087020
0.086818
0.086818
0.086543
0.086426
0.086288
0.086288
0.086288
0.087905
0.087905
0.087905
0.087702
0.087702
0.087537
0.087421
0.087421
0.087283
0.087050
0.086774
0.086658
0.086658
0.088145
0.088145
0.088008
0.087806
0.087668
0.087530
0.087365
0.087089
0.086814
0.086738
0.086738
0.086600
0.087899
0.087899
0.087783
0.087666
0.087464
0.087231
0.087231
0.087066
0.087066
0.086900
0.086900
0.086800
0.086800
0.086800
0.088123
0.088123
0.087847
0.087517
0.087351
0.087214
0.087097
0.087097
0.086997
0.086881
0.086881
0.085907
0.085807
0.085607
0.085490
0.085490
0.085390
0.085225
0.085225
0.085225
0.084215
0.084215
0.084077
0.083912
0.083812
0.085111
0.085111
0.084973
0.084887
0.084713
0.084613
0.084527
0.084527
0.084460
0.084360
0.084127
0.083989
0.083852
0.083735
0.083648
0.083648
0.083449
0.083449
0.083332
0.083167
0.083080
0.082847
0.082709
0.082609
0.082609
0.082609
0.082523
0.082523
0.084038
0.083938
0.083822
0.083656
0.083656
0.083656
0.083540
0.084705
0.084705
0.084705
0.086083
0.086083
0.086083
0.085996
0.085996
0.085896
0.085621
0.085504
0.085504
0.085504
0.085331
0.085244
0.085244
0.085158
0.085082
0.086459
0.086384
0.086297
0.086064
0.086064
0.086064
0.085831
0.085831
0.085831
0.085731
0.085631
0.085531
0.085531
0.085431
0.085232
0.085156
0.085156
0.085156
0.085018
0.084931
0.084815
0.084815
0.084815
0.084755
0.084618
0.083810
0.083396
0.083259
0.082959
0.084222
0.084135
0.084059
0.084059
0.085225
0.085108
0.084908
0.084833
0.084600
0.084500
0.084348
0.084272
0.084156
0.084039
0.083939
0.083864
0.083664
0.083597
0.083597
0.083510
0.083510
0.084792
0.084739
0.084664
0.084490
0.084424
0.084424
0.084424
0.085549
0.085549
0.085473
0.085124
0.084316
0.084316
0.084199
0.084199
0.084112
0.084112
0.084046
0.085328
0.085228
0.085141
0.085141
0.084941
0.084941
0.084866
0.084799
0.084499
0.084432
0.084199
0.084199
0.083999
0.083999
0.083924
0.083772
0.083572
0.083513
0.083426
0.083367
0.083307
0.083221
0.083145
0.083145
0.083078
0.083078
0.084360
0.084187
0.084120
0.084120
0.084045
0.083997
0.083737
0.083737
0.083661
0.083461
0.083461
0.083461
0.083461
0.083461
0.083461
0.083461
0.083288
0.083028
0.082929
0.082777
0.082604
0.082604
0.083589
0.083522
0.083322
0.083322
0.083236
0.083236
0.083149
0.083149
0.083096
0.083096
0.083029
0.082802
0.082802
0.082802
0.082629
0.082401
0.082268
0.082214
0.082214
0.082214
0.082214
0.082128
0.083264
0.083188
0.083113
0.084104
0.084061
0.083994
0.083861
0.083861
0.083794
0.083694
0.083560
0.083560
0.083460
0.083260
0.083260
0.083260
0.083260
0.082961
0.082901
0.082750
0.082549
0.082482
0.082407
0.082407
0.082288
0.082028
0.081877
0.081877
0.081817
0.081758
0.081758
0.081682
0.081623
0.081547
0.081494
0.081494
0.082496
0.083488
0.083488
0.083388
0.083388
0.083329
0.083177
0.083026
0.083976
0.085015
0.084949
0.084889
0.084841
0.084841
0.084782
0.084742
0.084676
0.084622
0.084489
0.084382
0.084182
0.084009
0.083922
0.083922
0.083922
0.083922
0.083922
0.083922
0.083922
0.083869
0.083816
0.083768
0.083701
0.083701
0.083634
0.083567
0.083501
0.083382
0.083382
0.083295
0.084334
0.085225
0.085166
0.085166
0.085099
0.085046
0.084987
0.084835
0.084835
0.084608
0.084430
0.084323
0.084145
0.084049
0.084918
0.084918
0.084918
0.084799
0.084572
0.084513
0.084340
0.084206
0.084072
0.084072
0.084024
0.084916
0.084782
0.084782
0.084782
0.084782
0.084782
0.084734
0.084686
0.084600
0.084540
0.084540
0.084540
0.084540
0.084504
0.084504
0.084504
0.084445
0.084445
0.085271
0.085218
0.085122
0.085069
0.084910
0.084709
0.084666
0.084590
0.084547
0.084428
0.083739
0.083686
0.083527
0.083393
0.083193
0.083139
0.083086
0.083010
0.082773
0.082666
0.082666
0.083617
0.083531
0.083477
0.083371
0.083275
0.083275
0.083275
0.083275
0.083275
0.083132
0.083089
0.083089
0.083010
0.083010
0.083010
0.082962
0.082843
0.082800
0.082694
0.082534
0.082534
0.082534
0.082415
0.082415
0.081716
0.081716
0.081683
0.082480
0.082421
0.082362
0.082183
0.082097
0.082030
0.081982
0.081982
0.081943
0.081895
0.081819
0.081676
0.081609
0.081513
0.081460
0.081407
0.081359
0.081311
0.080712
0.080712
0.080605
0.080557
0.080451
0.080345
0.080285
0.080249
0.080196
0.080129
0.080129
0.080070
0.080070
0.080070
0.080070
0.079487
0.079357
0.079310
0.079310
0.079214
0.079214
0.079214
0.078987
0.078947
0.078947
0.078904
0.078744
0.078697
0.078553
0.078500
0.079485
0.079306
0.079263
0.079263
0.079133
0.079094
0.079051
0.078838
0.078808
0.078808
0.078729
0.079620
0.079577
0.079386
0.079342
0.079256
0.079256
0.079256
0.079208
0.079165
0.079125
0.078606
0.078606
0.078606
0.078527
0.078479
0.078479
0.078279
0.078239
0.078039
0.078039
0.078039
0.077995
0.078857
0.078684
0.078640
0.078640
0.078640
0.078522
0.078469
0.078469
0.078373
0.078373
0.078314
0.078242
0.078242
0.078146
0.078926
0.078886
0.078847
0.078347
0.078304
0.079023
0.078995
0.078995
0.078908
0.078778
0.078742
0.078695
0.078659
0.078659
0.078659
0.078615
0.078497
0.078497
0.078471
0.078471
0.078435
0.078435
0.078382
0.078382
0.078296
0.078248
0.078248
0.078208
0.078208
0.077754
0.077563
0.077563
0.077523
0.077523
0.077437
0.077258
0.077101
0.077101
0.077068
0.077029
0.076993
0.076957
0.076957
0.076917
0.076739
0.076696
0.076609
0.076576
0.077374
0.078139
0.078041
0.078001
0.077962
0.077844
0.077791
0.077791
0.078604
0.079401
0.080267
0.080267
0.081015
0.080991
0.080912
0.080876
0.080876
0.080798
0.081506
0.081506
0.081398
0.081398
0.081362
0.082054
0.082011
0.081819
0.081786
0.081753
0.081723
0.081651
0.081615
0.081615
0.081615
0.081572
0.081572
0.081572
0.081413
0.081365
0.081286
0.081178
0.081933
0.081897
0.081861
0.082640
0.082532
0.082131
0.082858
0.082823
0.082783
0.082427
0.082328
0.082136
0.082136
0.082136
0.082136
0.082106
0.082831
0.083523
0.083491
0.083419
0.083388
0.083297
0.083258
0.083225
0.083095
0.083056
0.082990
0.082831
0.082798
0.082767
0.082734
0.082701
0.082558
0.082414
0.082381
0.082290
0.082224
0.082224
0.082224
0.082871
0.082799
0.082626
0.082626
0.083285
0.082830
0.082759
0.082728
0.082698
0.082698
0.082662
0.082662
0.082632
0.083359
0.083316
0.083285
0.083285
0.084112
0.084013
0.084013
0.083977
0.083949
0.083752
0.083752
0.083722
0.083722
0.083694
0.083633
0.083469
0.084152
0.083978
0.084733
0.084694
0.084694
0.084646
0.084623
0.084466
0.084382
0.084354
0.084270
0.084231
0.084058
0.084058
0.084058
0.083914
0.083848
0.083716
0.083688
0.083628
0.083595
0.083562
0.083523
0.083379
0.083379
0.083353
0.083223
0.083132
0.083014
0.082834
0.082834
0.082834
0.082774
0.082738
0.082710
0.082309
0.082283
0.082250
0.082214
0.082148
0.082120
0.082064
0.082021
0.081993
0.081993
0.081993
0.081863
0.081827
0.081670
0.081649
0.081621
0.081595
0.081474
0.081418
0.081392
0.081392
0.082030
0.082030
0.082030
0.081912
0.081888
0.081864
0.081732
0.081713
0.081713
0.081680
0.081649
0.082346
0.082346
0.083038
0.082926
0.082926
0.082898
0.082747
0.082412
0.082304
0.082248
0.082130
0.082130
0.081773
0.081745
0.081602
0.081541
0.081384
0.081360
0.081269
0.081269
0.081269
0.081246
0.081082
0.081082
0.080950
0.080950
0.080924
0.080898
0.080872
0.080820
0.080699
0.080669
0.080669
0.080646
0.080616
0.080594
0.080570
0.080537
0.080506
0.080455
0.080377
0.080293
0.080293
0.080267
0.080228
0.080167
0.080134
0.080068
0.080012
0.079935
0.079914
0.079886
0.079850
0.079850
0.080521
0.080493
0.080437
0.080987
0.080987
0.080879
0.080855
0.080704
0.080680
0.080652
0.080652
0.081406
0.081406
0.081382
0.081382
0.081382
0.081356
0.081334
0.081235
0.081132
0.081727
0.081703
0.081673
0.081652
0.081520
0.081490
0.081187
0.081066
0.081066
0.080982
0.080838
0.080838
0.080777
0.080726
0.080705
0.080677
0.080621
0.081294
0.081294
0.081154
0.081106
0.081034
0.081640
0.081640
0.082277
0.082277
0.082277
0.082232
0.082209
0.082161
0.082844
0.082844
0.082820
0.082820
0.082729
0.082617
0.083265
0.083265
0.083125
0.083726
0.083705
0.083705
0.083686
0.083410
0.083358
0.083336
0.083336
0.083206
0.083075
0.082953
0.082888
0.082888
0.082791
0.082472
0.082440
0.082417
0.082305
0.082279
0.082253
0.082181
0.082160
0.082109
0.082081
0.082060
0.082012
0.081991
0.081968
0.081891
0.081871
0.081871
0.081819
0.081771
0.081771
0.081715
0.081663
0.081567
0.081541
0.081522
0.081423
0.081399
0.081915
0.081915
0.081812
0.081812
0.081791
0.081769
0.082416
0.082349
0.082349
0.082301
0.082301
0.082868
0.082849
0.082831
0.082779
0.082712
0.082712
0.082688
0.082688
0.082668
0.082620
0.082548
0.082520
0.082399
0.082148
0.082016
0.081971
0.081929
0.082626
0.082607
0.082562
0.082458
0.082413
0.082389
0.082365
0.082347
0.082218
0.082128
0.082128
0.082037
0.081925
0.081925
0.081858
0.081797
0.081771
0.081682
0.081660
0.081640
0.081592
0.081480
0.081396
0.081396
0.081256
0.081238
0.081007
0.081007
0.080930
0.080930
0.080818
0.080755
0.080733
0.080691
0.080691
0.080628
0.080610
0.080589
0.080589
0.080552
0.080432
0.080328
0.080310
0.080310
0.080190
0.080167
0.080123
0.080102
0.080085
0.080067
0.080026
0.080026
0.079942
0.079846
0.079762
0.079659
0.079617
0.080218
0.080218
0.080173
0.080111
0.080088
0.080088
0.080040
0.079995
0.079928
0.079844
0.079826
0.079770
0.079649
0.079630
0.079604
0.079580
0.079524
0.079412
0.079396
0.079284
0.079284
0.079212
0.079212
0.079115
0.079091
0.079091
0.079033
0.079033
0.079033
0.078903
0.079525
0.079525
0.079509
0.079492
0.079450
0.079450
0.079408
0.079296
0.079277
0.079256
0.079883
0.080436
0.080340
0.080319
0.080866
0.080808
0.080768
0.080749
0.080707
0.080655
0.080638
0.080599
0.080583
0.080566
0.080517
0.080478
0.080389
0.080322
0.080301
0.080266
0.080248
0.080036
0.080036
0.079958
0.079900
0.079900
0.079884
0.080428
0.080307
0.080288
0.080198
0.080182
0.080182
0.080115
0.080010
0.080010
0.079927
0.079907
0.079888
0.079855
0.079855
0.079751
0.079714
0.079696
0.079696
0.079680
0.079569
0.079569
0.079552
0.079497
0.079481
0.079444
0.079405
0.079405
0.079302
0.079263
0.078960
0.078764
0.078719
0.078647
0.078625
0.078607
0.079155
0.079663
0.079626
0.079608
0.079518
0.079503
0.079481
0.079418
0.079340
0.079294
0.079190
0.079142
0.079108
0.079093
0.079041
0.078949
0.078949
0.078913
0.078898
0.078884
0.078869
0.078869
0.078851
0.079364
0.079322
0.079304
0.079246
0.079246
0.079201
0.079019
0.079019
0.078936
0.078893
0.078893
0.078875
0.079389
0.079368
0.079092
0.079092
0.078988
0.079573
0.079461
0.079388
0.079291
0.079195
0.079117
0.079080
0.079065
0.078967
0.078949
0.078882
0.078784
0.078732
0.078649
0.078633
0.078620
0.078522
0.078505
0.079018
0.079018
0.078766
0.078662
0.078613
0.078522
0.078501
0.078501
0.078432
0.078369
0.078352
0.078352
0.078352
0.078297
0.078297
0.078280
0.078264
0.078264
0.078185
0.078694
0.078625
0.078611
0.078595
0.078560
0.078544
0.078486
0.078394
0.078883
0.078883
0.078837
0.079374
0.079342
0.079342
0.079256
0.079256
0.079256
0.079025
0.079011
0.078998
0.078998
0.078933
0.078933
0.078885
0.078866
0.078850
0.078811
0.078746
0.078707
0.078673
0.078638
0.078597
0.078581
0.078568
0.078513
0.078496
0.078404
0.078363
0.078284
0.078284
0.078828
0.078814
0.078800
0.078785
0.078769
0.078696
0.078661
0.079143
0.079070
0.079001
0.078912
0.078743
0.078652
0.078652
0.078566
0.078546
0.078494
0.078481
0.078462
0.078430
0.078430
0.078430
0.078430
0.078430
0.078418
0.078418
0.078337
0.078337
0.078323
0.078237
0.078133
0.078078
0.078026
0.078014
0.077998
0.077962
0.077893
0.077824
0.077781
0.077748
0.077734
0.077648
0.077632
0.077614
0.077516
0.077486
0.077471
0.077457
0.077418
0.077418
0.077334
0.077261
0.077218
0.077205
0.077736
0.077736
0.077672
0.077633
0.077420
0.077359
0.077327
0.077845
0.078428
0.078395
0.078354
0.000000
0.000000
0.000000
0.000000
0.000000
0.000000
0.000000
0.018182
0.018182
0.018182
0.018182
0.036364
0.036364
0.036364
0.036364
0.036364
0.036364
0.036364
0.036364
0.036364
0.054545
0.054545
0.054545
0.054545
0.054545
0.072727
0.072727
0.072727
0.090909
0.090909
0.090909
0.090909
0.090909
0.090909
0.090909
0.090909
0.090909
0.090909
0.081818
0.081818
0.081818
0.081818
0.081818
0.081818
0.081818
0.081818
0.081818
0.081818
0.081818
0.081818
0.072727
0.072727
0.072727
0.072727
0.072727
0.090909
0.090909
0.090909
0.090909
0.090909
0.090909
0.090909
0.109091
0.127273
0.127273
0.127273
0.127273
0.145455
0.145455
0.136364
0.154545
0.154545
0.154545
0.154545
0.154545
0.154545
0.154545
0.154545
0.154545
0.172727
0.172727
0.169697
0.169697
0.169697
0.169697
0.169697
0.169697
0.169697
0.169697
0.169697
0.169697
0.166667
0.157576
0.157576
0.157576
0.157576
0.157576
0.157576
0.148485
0.148485
0.148485
0.148485
0.148485
0.148485
0.148485
0.148485
0.148485
0.148485
0.148485
0.139394
0.139394
0.139394
0.139394
0.139394
0.139394
0.139394
0.139394
0.139394
0.137879
0.137879
0.146970
0.146970
0.146970
0.145455
0.145455
0.142424
0.142424
0.142424
0.142424
0.142424
0.142424
0.142424
0.142424
0.142424
0.151515
0.142424
0.133333
0.133333
0.133333
0.133333
0.139394
0.139394
0.139394
0.145455
0.142424
0.142424
0.142424
0.142424
0.142424
0.142424
0.133333
0.130303
0.121212
0.121212
0.121212
0.130303
0.130303
0.130303
0.129394
0.129394
0.127879
0.127879
0.126970
0.126970
0.133030
0.133030
0.133030
0.133030
0.133030
0.133030
0.133030
0.133030
0.133030
0.133030
0.133030
0.133030
0.130000
0.128485
0.128485
0.128485
0.128485
0.125455
0.125455
0.122424
0.122424
0.119394
0.119394
0.117879
0.117879
0.117879
0.117879
0.117879
0.117879
0.117879
0.116364
0.116364
0.116364
0.116364
0.116364
0.116364
0.116364
0.113333
0.113333
0.113333
0.111818
0.110303
0.110303
0.107273
0.107273
0.107273
0.107273
0.110909
0.110909
0.104848
0.103939
0.102424
0.102424
0.102424
0.101515
0.100606
0.099697
0.099697
0.099697
0.099697
0.098182
0.098182
0.098182
0.097576
0.097576
0.097576
0.097576
0.097576
0.097576
0.100606
0.105152
0.105152
0.109697
0.108182
0.107273
0.111818
0.108788
0.107879
0.107879
0.107879
0.107879
0.107879
0.107879
0.106061
0.104545
0.104545
0.103636
0.103636
0.108182
0.107273
0.107273
0.107273
0.110303
0.110303
0.109697
0.114242
0.114242
0.114242
0.114242
0.113333
0.113333
0.112424
0.111818
0.111818
0.110303
0.110303
0.109870
0.109870
0.109870
0.115931
0.115022
0.114416
0.114416
0.112900
0.112900
0.112900
0.112900
0.112900
0.112576
0.111667
0.111667
0.111667
0.111667
0.111667
0.110455
0.109545
0.109113
0.109113
0.109113
0.109113
0.109113
0.109113
0.109113
0.109113
0.109113
0.108203
0.108203
0.108203
0.108203
0.108203
0.107771
0.107165
0.107165
0.107165
0.107165
0.107165
0.106255
0.106255
0.106255
0.104740
0.104740
0.104740
0.103831
0.103831
0.106255
0.105346
0.107771
0.107771
0.107165
0.106558
0.108983
0.112013
0.111407
0.108377
0.108377
0.108377
0.108377
0.108124
0.108124
0.110548
0.110115
0.109509
0.109509
0.109509
0.111025
0.111025
0.111025
0.111025
0.110418
0.109986
0.109553
0.109228
0.108362
0.108362
0.110786
0.110786
0.110354
0.109747
0.109747
0.108838
0.107973
0.107973
0.107107
0.107107
0.106905
0.106905
0.106039
0.106039
0.106039
0.106039
0.106039
0.106039
0.105433
0.105433
0.105433
0.105000
0.105000
0.105000
0.105000
0.104747
0.104747
0.104747
0.104423
0.104423
0.103990
0.103557
0.102951
0.102345
0.101739
0.101739
0.101739
0.101739
0.101739
0.101739
0.101739
0.101306
0.101306
0.104336
0.104336
0.104336
0.104084
0.103434
0.103001
0.103001
0.103001
0.102352
0.102352
0.101919
0.101919
0.099192
0.098326
0.097460
0.097460
0.097258
0.096934
0.096934
0.096934
0.096934
0.096934
0.096934
0.096768
0.096335
0.096335
0.096335
0.096011
0.096011
0.096011
0.096011
0.095686
0.095037
0.097057
0.097057
0.100087
0.100087
0.099763
0.099157
0.098724
0.098399
0.098074
0.097822
0.097497
0.097497
0.097497
0.097172
0.097172
0.096667
0.096667
0.096343
0.096343
0.096090
0.095838
0.095513
0.094864
0.094864
0.094214
0.092396
0.092396
0.092396
0.092231
0.092231
0.091798
0.091798
0.091798
0.091798
0.091365
0.091365
0.091365
0.091040
0.090607
0.090607
0.089958
0.089633
0.089128
0.088926
0.088421
0.086603
0.086603
0.086351
0.086351
0.086351
0.086213
0.086011
0.086011
0.085506
0.085304
0.085304
0.085102
0.085102
0.085102
0.085102
0.087374
0.089647
0.089647
0.089395
0.089142
0.091415
0.090116
0.090116
0.089791
0.089791
0.091559
0.091126
0.090924
0.090419
0.090419
0.090094
0.088882
0.088377
0.088377
0.088053
0.087800
0.087548
0.087295
0.086891
0.086891
0.086891
0.086891
0.086891
0.086638
0.086386
0.088659
0.088255
0.088089
0.088089
0.088089
0.087685
0.087685
0.089503
0.089503
0.089503
0.089503
0.091156
0.091156
0.090991
0.090789
0.090673
0.090673
0.090348
0.090183
0.089779
0.089576
0.091395
0.091395
0.091193
0.090789
0.090789
0.090623
0.090623
0.090371
0.089967
0.089967
0.089714
0.089512
0.089512
0.089182
0.089016
0.089016
0.089016
0.088764
0.088488
0.088488
0.088388
0.088388
0.088388
0.088388
0.088186
0.088049
0.087911
0.087773
0.087773
0.087773
0.087773
0.087608
0.087406
0.087241
0.086910
0.086657
0.086520
0.086520
0.088035
0.087704
0.087704
0.087300
0.087098
0.086846
0.086846
0.086846
0.086846
0.086708
0.086543
0.086290
0.086290
0.086290
0.085960
0.085707
0.085542
0.085376
0.085174
0.085174
0.084844
0.084591
0.084389
0.084273
0.084108
0.083905
0.083905
0.083905
0.083768
0.083768
0.083602
0.083516
0.083399
0.083124
0.084777
0.086075
0.086075
0.086075
0.086075
0.086075
0.086075
0.085938
0.087669
0.087467
0.087351
0.087020
0.086818
0.086818
0.086543
0.086426
0.086288
0.086288
0.086288
0.087905
0.087905
0.087905
0.087702
0.087702
0.087537
0.087421
0.087421
0.087283
0.087050
0.086774
0.086658
0.086658
0.088145
0.088145
0.088008
0.087806
0.087668
0.087530
0.087365
0.087089
0.086814
0.086738
0.086738
0.086600
0.087899
0.087899
0.087783
0.087666
0.087464
0.087231
0.087231
0.087066
0.087066
0.086900
0.086900
0.086800
0.086800
0.086800
0.088123
0.088123
0.087847
0.087517
0.087351
0.087214
0.087097
0.087097
0.086997
0.086881
0.086881
0.085907
0.085807
0.085607
0.085490
0.085490
0.085390
0.085225
0.085225
0.085225
0.084215
0.084215
0.084077
0.083912
0.083812
0.085111
0.085111
0.084973
0.084887
0.084713
0.084613
0.084527
0.084527
0.084460
0.084360
0.084127
0.083989
0.083852
0.083735
0.083648
0.083648
0.083449
0.083449
0.083332
0.083167
0.083080
0.082847
0.082709
0.082609
0.082609
0.082609
0.082523
0.082523
0.084038
0.083938
0.083822
0.083656
0.083656
0.083656
0.083540
0.084705
0.084705
0.084705
0.086083
0.086083
0.086083
0.085996
0.085996
0.085896
0.085621
0.085504
0.085504
0.085504
0.085331
0.085244
0.085244
0.085158
0.085082
0.086459
0.086384
0.086297
0.086064
0.086064
0.086064
0.085831
0.085831
0.085831
0.085731
0.085631
0.085531
0.085531
0.085431
0.085232
0.085156
0.085156
0.085156
0.085018
0.084931
0.084815
0.084815
0.084815
0.084755
0.084618
0.083810
0.083396
0.083259
0.082959
0.084222
0.084135
0.084059
0.084059
0.085225
0.085108
0.084908
0.084833
0.084600
0.084500
0.084348
0.084272
0.084156
0.084039
0.083939
0.083864
0.083664
0.083597
0.083597
0.083510
0.083510
0.084792
0.084739
0.084664
0.084490
0.084424
0.084424
0.084424
0.085549
0.085549
0.085473
0.085124
0.084316
0.084316
0.084199
0.084199
0.084112
0.084112
0.084046
0.085328
0.085228
0.085141
0.085141
0.084941
0.084941
0.084866
0.084799
0.084499
0.084432
0.084199
0.084199
0.083999
0.083999
0.083924
0.083772
0.083572
0.083513
0.083426
0.083367
0.083307
0.083221
0.083145
0.083145
0.083078
0.083078
0.084360
0.084187
0.084120
0.084120
0.084045
0.083997
0.083737
0.083737
0.083661
0.083461
0.083461
0.083461
0.083461
0.083461
0.083461
0.083461
0.083288
0.083028
0.082929
0.082777
0.082604
0.082604
0.083589
0.083522
0.083322
0.083322
0.083236
0.083236
0.083149
0.083149
0.083096
0.083096
0.083029
0.082802
0.082802
0.082802
0.082629
0.082401
0.082268
0.082214
0.082214
0.082214
0.082214
0.082128
0.083264
0.083188
0.083113
0.084104
0.084061
0.083994
0.083861
0.083861
0.083794
0.083694
0.083560
0.083560
0.083460
0.083260
0.083260
0.083260
0.083260
0.082961
0.082901
0.082750
0.082549
0.082482
0.082407
0.082407
0.082288
0.082028
0.081877
0.081877
0.081817
0.081758
0.081758
0.081682
0.081623
0.081547
0.081494
0.081494
0.082496
0.083488
0.083488
0.083388
0.083388
0.083329
0.083177
0.083026
0.083976
0.085015
0.084949
0.084889
0.084841
0.084841
0.084782
0.084742
0.084676
0.084622
0.084489
0.084382
0.084182
0.084009
0.083922
0.083922
0.083922
0.083922
0.083922
0.083922
0.083922
0.083869
0.083816
0.083768
0.083701
0.083701
0.083634
0.083567
0.083501
0.083382
0.083382
0.083295
0.084334
0.085225
0.085166
0.085166
0.085099
0.085046
0.084987
0.084835
0.084835
0.084608
0.084430
0.084323
0.084145
0.084049
0.084918
0.084918
0.084918
0.084799
0.084572
0.084513
0.084340
0.084206
0.084072
0.084072
0.084024
0.084916
0.084782
0.084782
0.084782
0.084782
0.084782
0.084734
0.084686
0.084600
0.084540
0.084540
0.084540
0.084540
0.084504
0.084504
0.084504
0.084445
0.084445
0.085271
0.085218
0.085122
0.085069
0.084910
0.084709
0.084666
0.084590
0.084547
0.084428
0.083739
0.083686
0.083527
0.083393
0.083193
0.083139
0.083086
0.083010
0.082773
0.082666
0.082666
0.083617
0.083531
0.083477
0.083371
0.083275
0.083275
0.083275
0.083275
0.083275
0.083132
0.083089
0.083089
0.083010
0.083010
0.083010
0.082962
0.082843
0.082800
0.082694
0.082534
0.082534
0.082534
0.082415
0.082415
0.081716
0.081716
0.081683
0.082480
0.082421
0.082362
0.082183
0.082097
0.082030
0.081982
0.081982
0.081943
0.081895
0.081819
0.081676
0.081609
0.081513
0.081460
0.081407
0.081359
0.081311
0.080712
0.080712
0.080605
0.080557
0.080451
0.080345
0.080285
0.080249
0.080196
0.080129
0.080129
0.080070
0.080070
0.080070
0.080070
0.079487
0.079357
0.079310
0.079310
0.079214
0.079214
0.079214
0.078987
0.078947
0.078947
0.078904
0.078744
0.078697
0.078553
0.078500
0.079485
0.079306
0.079263
0.079263
0.079133
0.079094
0.079051
0.078838
0.078808
0.078808
0.078729
0.079620
0.079577
0.079386
0.079342
0.079256
0.079256
0.079256
0.079208
0.079165
0.079125
0.078606
0.078606
0.078606
0.078527
0.078479
0.078479
0.078279
0.078239
0.078039
0.078039
0.078039
0.077995
0.078857
0.078684
0.078640
0.078640
0.078640
0.078522
0.078469
0.078469
0.078373
0.078373
0.078314
0.078242
0.078242
0.078146
0.078926
0.078886
0.078847
0.078347
0.078304
0.079023
0.078995
0.078995
0.078908
0.078778
0.078742
0.078695
0.078659
0.078659
0.078659
0.078615
0.078497
0.078497
0.078471
0.078471
0.078435
0.078435
0.078382
0.078382
0.078296
0.078248
0.078248
0.078208
0.078208
0.077754
0.077563
0.077563
0.077523
0.077523
0.077437
0.077258
0.077101
0.077101
0.077068
0.077029
0.076993
0.076957
0.076957
0.076917
0.076739
0.076696
0.076609
0.076576
0.077374
0.078139
0.078041
0.078001
0.077962
0.077844
0.077791
0.077791
0.078604
0.079401
0.080267
0.080267
0.081015
0.080991
0.080912
0.080876
0.080876
0.080798
0.081506
0.081506
0.081398
0.081398
0.081362
0.082054
0.082011
0.081819
0.081786
0.081753
0.081723
0.081651
0.081615
0.081615
0.081615
0.081572
0.081572
0.081572
0.081413
0.081365
0.081286
0.081178
0.081933
0.081897
0.081861
0.082640
0.082532
0.082131
0.082858
0.082823
0.082783
0.082427
0.082328
0.082136
0.082136
0.082136
0.082136
0.082106
0.082831
0.083523
0.083491
0.083419
0.083388
0.083297
0.083258
0.083225
0.083095
0.083056
0.082990
0.082831
0.082798
0.082767
0.082734
0.082701
0.082558
0.082414
0.082381
0.082290
0.082224
0.082224
0.082224
0.082871
0.082799
0.082626
0.082626
0.083285
0.082830
0.082759
0.082728
0.082698
0.082698
0.082662
0.082662
0.082632
0.083359
0.083316
0.083285
0.083285
0.084112
0.084013
0.084013
0.083977
0.083949
0.083752
0.083752
0.083722
0.083722
0.083694
0.083633
0.083469
0.084152
0.083978
0.084733
0.084694
0.084694
0.084646
0.084623
0.084466
0.084382
0.084354
0.084270
0.084231
0.084058
0.084058
0.084058
0.083914
0.083848
0.083716
0.083688
0.083628
0.083595
0.083562
0.083523
0.083379
0.083379
0.083353
0.083223
0.083132
0.083014
0.082834
0.082834
0.082834
0.082774
0.082738
0.082710
0.082309
0.082283
0.082250
0.082214
0.082148
0.082120
0.082064
0.082021
0.081993
0.081993
0.081993
0.081863
0.081827
0.081670
0.081649
0.081621
0.081595
0.081474
0.081418
0.081392
0.081392
0.082030
0.082030
0.082030
0.081912
0.081888
0.081864
0.081732
0.081713
0.081713
0.081680
0.081649
0.082346
0.082346
0.083038
0.082926
0.082926
0.082898
0.082747
0.082412
0.082304
0.082248
0.082130
0.082130
0.081773
0.081745
0.081602
0.081541
0.081384
0.081360
0.081269
0.081269
0.081269
0.081246
0.081082
0.081082
0.080950
0.080950
0.080924
0.080898
0.080872
0.080820
0.080699
0.080669
0.080669
0.080646
0.080616
0.080594
0.080570
0.080537
0.080506
0.080455
0.080377
0.080293
0.080293
0.080267
0.080228
0.080167
0.080134
0.080068
0.080012
0.079935
0.079914
0.079886
0.079850
0.079850
0.080521
0.080493
0.080437
0.080987
0.080987
0.080879
0.080855
0.080704
0.080680
0.080652
0.080652
0.081406
0.081406
0.081382
0.081382
0.081382
0.081356
0.081334
0.081235
0.081132
0.081727
0.081703
0.081673
0.081652
0.081520
0.081490
0.081187
0.081066
0.081066
0.080982
0.080838
0.080838
0.080777
0.080726
0.080705
0.080677
0.080621
0.081294
0.081294
0.081154
0.081106
0.081034
0.081640
0.081640
0.082277
0.082277
0.082277
0.082232
0.082209
0.082161
0.082844
0.082844
0.082820
0.082820
0.082729
0.082617
0.083265
0.083265
0.083125
0.083726
0.083705
0.083705
0.083686
0.083410
0.083358
0.083336
0.083336
0.083206
0.083075
0.082953
0.082888
0.082888
0.082791
0.082472
0.082440
0.082417
0.082305
0.082279
0.082253
0.082181
0.082160
0.082109
0.082081
0.082060
0.082012
0.081991
0.081968
0.081891
0.081871
0.081871
0.081819
0.081771
0.081771
0.081715
0.081663
0.081567
0.081541
0.081522
0.081423
0.081399
0.081915
0.081915
0.081812
0.081812
0.081791
0.081769
0.082416
0.082349
0.082349
0.082301
0.082301
0.082868
0.082849
0.082831
0.082779
0.082712
0.082712
0.082688
0.082688
0.082668
0.082620
0.082548
0.082520
0.082399
0.082148
0.082016
0.081971
0.081929
0.082626
0.082607
0.082562
0.082458
0.082413
0.082389
0.082365
0.082347
0.082218
0.082128
0.082128
0.082037
0.081925
0.081925
0.081858
0.081797
0.081771
0.081682
0.081660
0.081640
0.081592
0.081480
0.081396
0.081396
0.081256
0.081238
0.081007
0.081007
0.080930
0.080930
0.080818
0.080755
0.080733
0.080691
0.080691
0.080628
0.080610
0.080589
0.080589
0.080552
0.080432
0.080328
0.080310
0.080310
0.080190
0.080167
0.080123
0.080102
0.080085
0.080067
0.080026
0.080026
0.079942
0.079846
0.079762
0.079659
0.079617
0.080218
0.080218
0.080173
0.080111
0.080088
0.080088
0.080040
0.079995
0.079928
0.079844
0.079826
0.079770
0.079649
0.079630
0.079604
0.079580
0.079524
0.079412
0.079396
0.079284
0.079284
0.079212
0.079212
0.079115
0.079091
0.079091
0.079033
0.079033
0.079033
0.078903
0.079525
0.079525
0.079509
0.079492
0.079450
0.079450
0.079408
0.079296
0.079277
0.079256
0.079883
0.080436
0.080340
0.080319
0.080866
0.080808
0.080768
0.080749
0.080707
0.080655
0.080638
0.080599
0.080583
0.080566
0.080517
0.080478
0.080389
0.080322
0.080301
0.080266
0.080248
0.080036
0.080036
0.079958
0.079900
0.079900
0.079884
0.080428
0.080307
0.080288
0.080198
0.080182
0.080182
0.080115
0.080010
0.080010
0.079927
0.079907
0.079888
0.079855
0.079855
0.079751
0.079714
0.079696
0.079696
0.079680
0.079569
0.079569
0.079552
0.079497
0.079481
0.079444
0.079405
0.079405
0.079302
0.079263
0.078960
0.078764
0.078719
0.078647
0.078625
0.078607
0.079155
0.079663
0.079626
0.079608
0.079518
0.079503
0.079481
0.079418
0.079340
0.079294
0.079190
0.079142
0.079108
0.079093
0.079041
0.078949
0.078949
0.078913
0.078898
0.078884
0.078869
0.078869
0.078851
0.079364
0.079322
0.079304
0.079246
0.079246
0.079201
0.079019
0.079019
0.078936
0.078893
0.078893
0.078875
0.079389
0.079368
0.079092
0.079092
0.078988
0.079573
0.079461
0.079388
0.079291
0.079195
0.079117
0.079080
0.079065
0.078967
0.078949
0.078882
0.078784
0.078732
0.078649
0.078633
0.078620
0.078522
0.078505
0.079018
0.079018
0.078766
0.078662
0.078613
0.078522
0.078501
0.078501
0.078432
0.078369
0.078352
0.078352
0.078352
0.078297
0.078297
0.078280
0.078264
0.078264
0.078185
0.078694
0.078625
0.078611
0.078595
0.078560
0.078544
0.078486
0.078394
0.078883
0.078883
0.078837
0.079374
0.079342
0.079342
0.079256
0.079256
0.079256
0.079025
0.079011
0.078998
0.078998
0.078933
0.078933
0.078885
0.078866
0.078850
0.078811
0.078746
0.078707
0.078673
0.078638
0.078597
0.078581
0.078568
0.078513
0.078496
0.078404
0.078363
0.078284
0.078284
0.078828
0.078814
0.078800
0.078785
0.078769
0.078696
0.078661
0.079143
0.079070
0.079001
0.078912
0.078743
0.078652
0.078652
0.078566
0.078546
0.078494
0.078481
0.078462
0.078430
0.078430
0.078430
0.078430
0.078430
0.078418
0.078418
0.078337
0.078337
0.078323
0.078237
0.078133
0.078078
0.078026
0.078014
0.077998
0.077962
0.077893
0.077824
0.077781
0.077748
0.077734
0.077648
0.077632
0.077614
0.077516
0.077486
0.077471
0.077457
0.077418
0.077418
0.077334
0.077261
0.077218
0.077205
0.077736
0.077736
0.077672
0.077633
0.077420
0.077359
0.077327
0.077845
0.078428
0.078395
0.078354
