1800.600000
1809.700000
1815.100000
1820.500000
1824.700000
1835.000000
1849.000000
1856.500000
1861.700000
1872.000000
1883.100000
1893.700000
1912.000000
1920.000000
1924.200000
1929.000000
1939.500000
1946.100000
1972.100000
1976.500000
1978.700000
1988.800000
2019.300000
2038.100000
2053.700000
2073.700000
2078.700000
2084.100000
2089.200000
2094.500000
2106.700000
2125.300000
2144.700000
2152.600000
2162.200000
2164.500000
2182.100000
2189.600000
2193.700000
2209.600000
2217.200000
2219.500000
2221.600000
2230.100000
2242.600000
2249.600000
2260.200000
2263.600000
2267.000000
2269.500000
2277.000000
2287.000000
2290.100000
2293.200000
2303.100000
2309.500000
2317.100000
2324.700000
2330.000000
2337.200000
2343.600000
2348.000000
2359.300000
2366.800000
2384.500000
2393.600000
2404.500000
2411.800000
2432.000000
2434.200000
2441.700000
2445.000000
2449.200000
2457.600000
2468.000000
2472.200000
2486.500000
2493.700000
2504.200000
2514.200000
2528.000000
2535.700000
2539.000000
2551.500000
2553.600000
2561.500000
2577.100000
2584.200000
2614.300000
2633.700000
2654.300000
2677.000000
2686.100000
2691.300000
2704.600000
2716.000000
2739.600000
2753.200000
2768.600000
2771.200000
2791.100000
2801.200000
2803.100000
2812.200000
2832.200000
2834.100000
2836.200000
2847.600000
2853.200000
2858.000000
2860.100000
2879.500000
2884.600000
2894.100000
2903.800000
2917.200000
2930.700000
2934.000000
2939.100000
2944.200000
2955.600000
2957.100000
2959.700000
2975.700000
2987.100000
2991.500000
3001.800000
3008.000000
3011.100000
3025.200000
3029.500000
3045.600000
3048.700000
3061.500000
3071.700000
3084.000000
3091.100000
3101.000000
3108.100000
3112.700000
3115.300000
3120.700000
3125.100000
3129.500000
3136.600000
3148.000000
3156.500000
3174.600000
3177.000000
3182.600000
3195.500000
3208.100000
3217.500000
3221.600000
3233.600000
3269.600000
3278.600000
3286.700000
3291.700000
3297.800000
3321.600000
