14204.100000
14206.200000
14211.300000
14213.500000
14214.600000
14217.900000
14235.100000
14238.200000
14258.000000
14260.100000
14264.200000
14271.400000
14276.500000
14306.600000
14330.400000
14345.700000
14348.000000
14370.000000
14393.100000
14399.200000
14409.700000
14415.600000
14425.000000
14445.500000
14450.600000
14474.100000
14493.600000
14501.100000
14507.800000
14515.000000
14525.000000
14545.100000
14554.000000
14555.500000
14561.500000
14568.600000
14592.300000
14599.500000
14606.600000
14611.900000
14613.000000
14617.100000
14622.500000
14637.800000
14644.000000
14648.500000
14651.600000
14653.000000
14660.100000
14677.900000
14699.300000
14705.500000
14714.700000
14736.200000
14746.300000
14753.400000
14759.100000
14765.200000
14768.500000
14788.700000
14799.000000
14809.200000
14817.100000
14821.000000
14827.500000
14836.100000
14838.700000
14840.000000
14849.200000
14899.000000
14902.100000
14908.500000
14922.100000
14926.500000
14939.500000
14953.400000
14955.500000
14962.500000
14972.600000
14994.300000
14996.300000
15003.600000
15024.400000
15040.300000
15048.300000
15058.500000
15072.100000
15081.200000
15083.500000
15126.500000
15139.400000
15145.500000
15154.600000
15165.100000
15166.200000
15175.500000
15180.700000
15184.500000
15192.600000
15197.500000
15209.600000
15213.000000
15221.600000
15227.100000
15236.500000
15248.000000
15254.500000
15264.000000
15273.200000
15293.100000
15310.200000
15312.500000
15319.700000
15322.000000
15323.700000
15338.400000
15344.700000
15349.900000
15351.200000
15380.100000
15383.600000
15404.800000
15414.000000
15417.100000
15485.900000
15487.000000
15494.100000
15501.600000
15510.800000
15519.200000
15529.200000
15535.500000
15545.300000
15563.600000
15569.100000
15589.600000
15593.500000
15598.000000
15604.300000
15611.600000
15618.000000
15637.500000
15644.500000
15648.000000
15656.500000
15666.000000
15677.100000
15686.600000
15704.600000
15710.500000
15718.200000
15732.600000
15736.000000
15742.500000
15754.200000
15759.500000
15766.000000
15770.500000
15781.000000
15782.500000
15796.000000
15805.500000
15809.500000
15819.000000
15845.300000
15862.600000
15870.000000
15909.000000
15912.100000
15959.200000
15967.600000
15969.800000
15984.200000
15994.300000
16009.600000
16023.000000
16031.100000
16038.000000
16046.100000
16064.600000
16077.200000
16086.100000
16101.000000
16107.500000
16116.100000
16119.700000
16143.000000
16153.400000
16168.900000
16176.000000
16178.200000
16180.300000
16186.500000
16193.700000
16232.100000
16237.700000
16247.000000
16282.000000
16289.500000
16332.000000
16335.100000
16343.300000
16367.600000
16374.000000
16391.300000
16404.600000
16412.700000
16421.000000
16422.200000
16431.000000
16445.500000
16449.000000
16471.000000
16496.500000
16499.800000
16520.400000
16536.600000
16546.700000
16553.000000
16560.100000
16570.400000
16572.600000
16592.200000
16595.500000
16597.000000
16602.300000
16613.500000
16622.100000
16637.500000
16651.000000
16654.500000
16660.100000
16686.000000
16695.000000
16702.200000
16712.400000
16719.700000
16724.000000
16734.500000
16744.000000
16750.100000
16759.500000
16784.500000
16810.300000
16826.500000
16840.000000
16847.200000
16862.800000
16881.500000
16889.700000
16903.000000
16908.100000
16922.700000
16928.900000
16931.900000
16954.800000
16959.900000
16966.000000
16979.700000
16997.500000
17003.000000
17004.100000
17009.300000
17012.500000
17015.200000
17036.500000
17042.600000
17045.700000
17050.000000
17054.100000
17061.500000
17070.100000
17079.000000
17110.500000
17130.100000
17132.500000
17136.100000
17144.500000
17154.600000
17174.500000
17190.100000
17201.500000
17206.500000
17211.600000
17215.000000
17221.000000
17229.600000
17236.100000
17244.200000
17250.500000
17252.600000
17265.000000
17306.800000
17307.900000
17314.700000
17344.500000
17345.600000
17346.700000
17365.100000
17371.500000
17381.600000
17384.700000
17390.800000
17401.100000
17405.300000
17421.700000
17423.900000
17448.300000
17460.900000
17472.500000
17480.000000
17488.500000
17495.000000
17504.100000
17507.500000
17520.700000
17523.000000
17524.500000
17550.000000
17563.000000
17572.600000
17593.200000
17600.500000
17608.700000
17618.800000
17637.300000
17642.500000
17652.100000
17656.500000
17667.000000
17695.100000
17712.700000
17719.800000
17732.400000
17742.700000
17757.100000
17772.600000
17778.700000
17780.900000
17787.000000
17793.100000
17805.400000
17806.500000
17834.500000
17842.100000
17848.000000
17857.600000
17865.700000
17875.000000
17894.100000
17914.100000
17922.500000
17944.500000
17954.600000
17959.000000
17962.600000
17965.700000
17971.000000
17974.500000
17983.300000
17989.500000
17995.500000
17998.000000
18007.500000
18021.500000
18027.000000
18034.500000
18038.000000
18046.100000
18060.200000
18063.400000
18076.700000
18096.300000
18110.600000
18124.100000
18139.700000
18146.000000
18153.100000
18168.200000
18175.900000
18198.600000
18205.000000
18214.100000
18230.800000
18233.000000
18240.200000
18248.300000
18256.400000
18268.500000
18283.000000
18285.100000
18286.600000
18296.200000
18299.300000
18310.000000
18315.500000
18321.500000
18349.100000
18352.500000
18362.500000
18367.600000
18382.600000
18396.000000
18415.000000
18421.100000
18426.000000
18437.200000
18438.500000
18449.000000
18455.000000
18460.500000
18471.000000
18472.500000
18474.500000
18480.500000
18488.100000
18491.500000
18501.000000
18525.700000
18528.800000
18538.900000
18571.300000
18574.400000
18580.500000
18582.700000
18583.800000
18610.400000
18614.500000
18661.000000
18674.200000
18689.600000
18699.800000
18713.500000
18728.700000
18764.200000
18768.500000
18786.000000
18795.100000
18814.000000
18818.500000
18827.000000
18842.600000
18851.000000
18855.500000
18859.600000
18869.500000
18873.000000
18883.100000
18892.500000
18897.000000
18899.100000
18905.700000
18911.000000
18920.500000
18926.100000
18927.500000
18937.700000
18947.000000
18957.900000
18967.100000
18985.800000
19000.100000
19007.200000
19009.500000
19011.000000
19018.100000
19024.200000
19026.300000
19029.500000
19041.800000
19051.000000
19072.700000
19080.000000
19081.100000
19106.600000
19108.700000
19134.300000
19138.400000
19141.500000
19164.700000
19168.000000
19190.100000
19195.600000
19201.000000
19209.400000
19233.600000
19239.000000
19246.500000
19251.000000
19254.000000
19261.200000
19262.600000
19272.100000
19282.500000
19290.500000
19298.100000
19300.500000
19317.000000
19322.200000
19332.500000
19346.100000
19348.400000
19355.500000
19358.800000
19363.000000
19371.200000
19372.500000
19383.700000
19393.200000
19412.100000
19427.000000
19432.100000
19439.400000
19441.500000
19456.900000
19467.000000
19473.100000
19479.200000
19490.700000
19527.800000
19538.000000
19545.500000
19554.000000
19563.000000
19574.000000
19576.100000
19594.600000
19598.800000
19601.000000
19603.500000
19605.500000
19615.500000
19624.500000
19633.000000
19634.100000
19643.800000
19655.500000
19675.500000
19707.600000
19713.200000
19722.700000
19732.900000
19740.200000
19755.500000
19761.600000
19772.100000
19774.300000
19777.500000
19785.000000
19790.200000
19800.300000
19812.000000
19817.000000
19819.500000
19825.800000
19852.800000
19853.900000
19873.100000
19893.100000
19898.600000
19919.600000
19928.000000
19934.500000
19941.700000
19975.900000
19984.000000
19995.000000
20006.000000
20035.600000
20039.700000
20041.000000
20052.000000
20058.100000
20065.500000
20076.100000
20080.500000
20083.000000
20098.800000
20107.000000
20118.200000
20126.400000
20135.500000
20155.300000
20156.400000
20177.600000
20183.800000
20185.100000
20190.200000
20202.000000
20222.300000
20242.000000
20251.200000
20268.700000
20289.500000
20306.900000
20314.000000
20329.500000
20339.200000
20348.600000
20359.600000
20369.700000
20380.100000
20382.500000
20399.100000
20405.500000
20407.000000
20409.000000
20412.000000
20417.500000
20427.100000
20434.500000
20438.000000
20447.100000
20452.000000
20455.200000
20457.000000
20467.500000
20472.000000
20477.100000
20483.600000
20490.500000
20501.500000
20514.100000
20525.000000
20532.100000
20542.600000
20581.100000
20595.000000
20615.100000
20626.600000
20635.600000
20640.000000
20642.000000
20645.100000
20655.000000
20659.100000
20689.900000
20697.000000
20706.100000
20726.400000
20733.700000
20761.700000
20785.600000
20814.300000
20830.700000
20831.800000
20833.900000
20840.300000
20846.500000
20856.700000
20864.000000
20871.200000
20877.600000
20894.100000
20915.500000
20928.000000
20949.500000
20955.000000
20963.600000
20984.500000
20991.600000
20999.800000
21002.000000
21023.000000
21033.700000
21047.500000
21067.100000
21077.500000
21081.100000
21088.600000
21106.000000
21114.500000
21126.000000
21140.000000
21141.600000
21146.000000
21153.000000
21154.600000
21162.500000
21171.500000
21193.000000
21197.300000
21221.200000
21232.600000
21245.200000
21255.500000
21272.700000
21291.200000
21292.300000
21297.400000
21304.900000
21320.300000
21338.500000
21342.700000
21346.800000
21357.000000
21384.500000
21391.600000
21398.000000
21411.100000
21428.700000
21433.000000
21454.500000
21468.600000
21475.000000
21484.500000
21503.700000
21513.100000
21518.600000
21526.600000
21529.100000
21533.500000
21547.000000
21552.100000
21563.000000
21565.200000
21572.500000
21573.600000
21576.700000
21593.600000
21601.800000
21608.000000
21624.400000
21630.500000
21632.700000
21642.900000
21646.000000
21656.200000
21658.300000
21666.100000
21683.600000
21693.700000
21697.800000
21707.000000
21713.100000
21719.300000
21723.500000
21737.000000
21766.500000
21777.500000
21813.100000
21818.500000
21824.500000
21830.400000
21849.500000
21850.600000
21854.100000
21859.600000
21861.700000
21869.100000
21879.000000
21882.200000
21892.000000
21895.500000
21898.500000
21908.600000
21920.000000
21921.000000
21930.200000
21951.700000
21956.000000
21968.700000
22009.200000
22011.300000
22021.500000
22025.900000
22034.000000
22050.500000
22086.400000
22096.500000
22110.200000
22119.500000
22125.000000
22152.000000
22157.500000
22161.000000
22168.500000
22175.000000
22194.200000
22203.800000
22205.000000
22206.300000
22212.000000
22213.700000
22216.000000
22233.500000
22243.600000
22247.900000
22261.000000
22268.800000
22274.500000
22290.500000
22298.100000
22306.400000
22309.500000
22315.600000
22325.800000
22335.000000
22336.100000
22354.500000
22362.600000
22373.200000
22375.500000
22384.600000
22385.700000
22388.800000
22398.100000
22407.300000
22421.000000
22434.500000
22436.700000
22450.100000
22461.300000
22470.900000
22484.200000
22489.500000
22508.000000
22517.100000
22520.400000
22523.600000
22548.700000
22562.500000
22565.700000
22582.500000
22591.500000
22604.500000
22612.000000
22620.200000
22627.000000
22633.100000
22638.500000
22647.000000
22650.100000
22659.500000
22685.600000
22694.000000
22713.900000
22729.200000
22768.600000
22778.000000
22795.200000
22816.000000
22823.400000
22834.600000
22853.800000
22862.000000
22879.100000
22884.200000
22888.500000
22893.900000
22902.100000
22911.800000
22920.700000
22938.000000
22939.500000
22950.100000
22958.300000
22987.100000
22995.600000
23003.000000
23013.500000
23030.700000
23043.200000
23063.500000
23070.000000
23078.700000
23084.000000
23092.000000
23102.300000
23106.500000
23113.100000
23122.500000
23140.200000
23144.300000
23181.300000
23186.000000
23196.200000
23233.000000
23244.000000
23262.500000
23279.700000
23300.000000
23303.100000
23321.600000
23336.600000
23344.500000
23350.000000
23353.500000
23356.500000
23362.700000
23377.700000
23401.500000
23409.000000
23419.300000
23421.900000
23440.000000
23444.600000
23451.900000
23472.600000
23478.700000
23488.000000
23492.100000
23511.000000
23514.100000
23520.000000
23527.600000
23534.000000
23536.000000
23539.500000
23550.100000
23556.700000
23561.400000
23570.300000
23576.500000
23585.500000
23590.600000
23598.600000
23608.300000
23609.400000
23616.500000
23639.500000
23652.700000
23653.800000
23663.000000
23669.100000
23685.500000
23731.300000
23742.900000
23756.500000
23765.700000
23796.300000
23812.100000
23814.400000
23842.500000
23848.100000
23853.500000
23883.000000
23893.100000
23922.600000
23925.000000
23941.700000
23949.100000
23955.100000
23960.200000
23967.500000
23984.000000
23995.000000
24005.500000
24012.700000
24018.000000
24026.500000
24030.500000
24040.000000
24049.100000
24094.400000
24099.600000
24104.700000
24107.000000
24108.100000
24132.900000
24145.100000
24169.000000
24178.300000
24192.500000
24202.600000
24211.800000
24222.000000
24259.500000
24278.200000
24283.500000
24291.500000
24306.000000
24311.500000
24331.000000
24345.700000
24349.100000
24364.000000
24375.700000
24381.500000
24393.700000
24401.100000
24406.500000
24424.500000
24426.400000
24444.000000
24451.100000
24469.100000
24474.000000
24481.200000
24484.500000
24495.800000
24498.600000
24500.000000
24509.800000
24516.100000
24520.500000
24523.500000
24534.000000
24537.000000
24542.100000
24548.700000
24556.800000
24560.000000
24568.100000
24577.600000
24579.800000
24589.100000
24615.800000
24617.000000
24635.100000
24642.400000
24645.500000
24663.100000
24686.900000
24703.500000
24730.600000
24731.700000
24748.500000
24751.500000
24780.100000
24791.700000
24794.000000
24817.000000
24828.700000
24850.000000
24860.200000
24870.500000
24883.100000
24892.700000
24899.000000
24900.500000
24912.100000
24928.800000
24937.500000
24944.600000
24949.000000
24966.500000
24973.000000
24978.900000
24994.700000
25002.600000
25032.600000
25036.700000
25042.000000
25050.100000
25086.500000
25093.700000
25120.000000
25130.100000
25133.500000
25138.500000
25139.600000
25147.500000
25149.700000
25158.100000
25165.100000
25175.700000
25187.100000
25197.500000
25203.600000
25209.000000
25213.700000
25224.000000
25231.100000
25240.600000
25248.100000
25271.500000
25277.700000
25283.100000
25291.500000
25311.800000
25343.600000
25353.100000
25366.500000
25385.100000
25389.200000
25394.800000
25399.900000
25423.200000
25432.400000
25451.600000
25456.000000
25465.400000
25492.700000
25507.500000
25522.200000
25530.500000
25536.000000
25538.100000
25554.100000
25566.100000
25595.100000
25596.500000
25602.700000
25618.500000
25626.600000
25636.300000
25641.500000
25645.100000
25647.500000
25651.000000
25660.000000
25668.500000
25669.600000
25675.300000
25679.500000
25691.500000
25706.000000
25714.000000
25719.000000
25728.200000
25738.500000
25747.500000
25773.000000
25780.500000
25793.100000
25842.100000
25866.300000
25875.400000
25894.500000
25903.600000
25907.700000
25915.000000
25927.000000
25963.600000
25968.700000
25989.600000
26004.100000
26017.700000
26024.000000
26032.100000
26039.200000
26053.500000
26058.600000
26073.800000
26078.000000
26081.000000
26085.800000
26094.000000
26100.000000
26119.200000
26121.300000
26132.100000
26147.000000
26151.100000
26161.200000
26181.200000
26194.900000
26198.400000
26199.500000
26210.000000
26215.600000
26225.000000
26232.500000
26242.000000
26250.500000
26251.600000
26264.500000
26277.100000
26287.300000
26300.800000
26303.000000
26308.200000
26323.600000
26334.900000
26346.100000
26359.600000
26370.100000
26432.000000
26436.100000
26443.200000
26451.500000
26457.600000
26469.200000
26484.600000
26486.700000
26503.500000
26507.500000
26517.200000
26526.300000
26538.000000
26542.100000
26561.400000
26566.600000
26568.700000
26577.000000
26597.100000
26598.900000
26604.000000
26613.500000
26615.800000
26617.000000
26621.100000
26625.500000
26628.100000
26631.500000
26642.000000
26657.500000
26680.500000
26688.700000
26707.300000
26716.600000
26739.200000
26753.900000
26760.000000
26761.200000
26763.300000
26771.400000
26776.500000
26777.600000
26783.000000
26784.100000
26789.500000
26805.100000
26826.900000
26832.600000
26837.700000
26846.000000
26848.500000
26856.100000
26865.700000
26882.100000
26885.500000
26886.500000
26897.000000
26902.100000
26911.000000
26918.300000
26926.500000
26934.700000
26939.100000
26952.600000
26954.800000
26962.000000
26971.500000
26973.500000
26978.000000
26987.500000
26995.600000
26997.000000
27003.000000
27023.600000
27033.200000
27037.500000
27043.000000
27047.100000
27055.500000
27074.500000
27083.600000
27101.100000
27108.200000
27117.300000
27120.600000
27122.700000
27134.100000
27144.400000
27159.700000
27213.900000
27229.100000
27241.500000
27247.500000
27281.600000
27284.100000
27314.000000
27328.500000
27330.800000
27336.000000
27346.000000
27355.600000
27374.300000
27378.500000
27391.400000
27396.500000
27414.500000
27430.200000
27450.200000
27458.500000
27473.000000
27476.100000
27491.800000
27501.000000
27503.500000
27511.600000
27525.500000
27533.000000
27539.500000
27541.200000
27559.500000
27575.500000
27576.600000
27610.600000
27616.800000
27623.900000
27630.000000
27639.500000
27646.600000
27657.000000
27665.200000
27669.500000
27673.900000
27733.700000
27744.000000
27768.900000
27783.300000
27833.000000
27850.300000
27860.500000
27870.000000
27894.800000
27905.100000
27907.500000
27917.000000
27933.500000
27950.700000
27974.100000
27995.500000
28000.000000
28012.000000
28021.500000
28029.000000
28040.100000
28050.100000
28054.200000
28069.000000
28073.100000
28080.400000
28087.500000
28089.600000
28090.700000
28095.900000
28112.300000
28133.100000
28140.300000
28149.500000
28156.600000
28161.700000
28167.000000
28174.200000
28197.100000
28219.300000
28228.500000
28233.600000
28239.700000
28248.000000
28258.000000
28262.000000
28282.500000
28289.600000
28305.400000
28315.500000
28321.000000
28322.100000
28329.200000
28337.500000
28345.500000
28353.100000
28359.700000
28363.800000
28370.000000
28375.100000
28383.000000
28389.000000
28394.100000
28401.300000
28408.600000
28435.300000
28477.100000
28483.300000
28486.400000
28489.500000
28502.100000
28516.400000
28518.600000
28529.800000
28532.900000
28545.100000
28548.500000
28559.000000
28565.500000
28576.000000
28579.200000
28589.000000
28590.700000
28592.100000
28598.700000
28610.700000
28617.000000
28626.600000
28632.000000
28651.600000
28659.000000
28668.200000
28677.500000
28681.600000
28684.000000
28694.600000
28707.100000
28718.000000
28725.000000
28742.200000
28747.000000
28750.000000
28750.000000
28756.200000
28760.500000
28767.000000
28774.100000
28799.600000
28817.300000
28822.500000
28851.600000
28854.700000
28858.000000
28873.300000
28882.500000
28897.900000
28916.200000
28924.400000
28943.000000
28964.600000
28989.400000
28993.600000
28996.800000
29004.000000
29008.500000
29009.600000
29010.800000
29012.000000
29021.700000
29023.100000
29031.500000
29040.200000
29067.600000
29076.100000
29086.200000
29097.000000
29106.200000
29125.500000
29130.100000
29136.700000
29159.000000
29183.000000
29197.500000
29201.000000
29203.100000
29210.200000
29214.300000
29218.600000
29221.100000
29226.500000
29232.600000
29236.700000
29245.100000
29263.600000
29271.800000
29277.900000
29286.000000
29315.000000
29330.600000
29355.200000
29356.300000
29364.700000
29368.000000
29375.000000
29377.000000
29385.300000
29395.500000
29401.000000
29409.000000
29420.500000
29426.700000
29448.200000
29455.000000
29457.100000
29465.000000
29477.100000
29480.500000
29489.000000
29490.400000
29495.000000
29505.000000
29510.200000
29523.100000
29530.100000
29536.000000
29547.000000
29555.000000
29560.600000
29566.100000
29573.200000
29600.100000
29609.600000
29610.900000
29634.200000
29641.300000
29661.700000
29697.800000
29702.900000
29722.100000
29749.500000
29777.200000
29787.000000
29791.100000
29809.400000
29814.600000
29816.800000
29819.500000
29848.000000
29852.200000
29853.700000
29856.500000
29874.500000
29888.500000
29898.000000
29902.500000
29902.500000
29915.600000
29917.500000
29928.000000
29945.000000
29949.100000
29953.000000
29963.500000
29973.000000
30006.100000
30012.500000
30027.100000
30037.300000
30047.400000
30060.700000
30068.000000
30077.600000
30079.900000
30104.000000
30111.300000
30138.100000
30146.200000
30149.700000
30175.100000
30177.200000
30191.600000
30194.700000
30210.000000
30218.100000
30228.300000
30247.100000
30257.400000
30265.500000
30272.100000
30286.000000
30296.700000
30301.000000
30309.600000
30313.800000
30319.000000
30328.000000
30334.500000
30337.600000
30347.700000
30351.000000
30359.500000
30366.600000
30373.600000
30396.000000
30404.500000
30407.500000
30408.500000
30418.500000
30424.500000
30433.000000
30436.500000
30443.100000
30446.300000
30450.500000
30474.600000
30479.700000
30483.800000
30520.500000
30528.600000
30543.000000
30548.100000
30580.000000
30594.500000
30598.600000
30617.000000
30631.200000
30653.700000
30654.900000
30660.100000
30670.300000
30674.500000
30703.100000
30710.700000
30730.000000
30734.400000
30743.000000
30748.500000
30758.600000
30767.000000
30776.400000
30784.000000
30790.600000
30794.000000
30812.200000
30822.500000
30840.800000
30867.000000
30873.000000
30897.200000
30913.200000
30931.500000
30955.700000
30967.000000
30973.200000
30984.800000
30995.000000
31007.600000
31015.900000
31040.900000
31065.600000
31072.800000
31075.000000
31084.100000
31093.000000
31099.200000
31103.000000
31113.600000
31130.400000
31132.500000
31148.000000
31175.000000
31178.500000
31188.800000
31191.000000
31194.700000
31197.500000
31204.100000
31216.100000
31223.600000
31226.800000
31238.100000
31245.700000
31252.100000
31262.500000
31270.000000
31280.000000
31289.000000
31298.600000
31300.000000
31303.500000
31303.500000
31313.600000
31320.000000
31331.000000
31333.500000
31342.500000
31346.100000
31354.500000
31364.200000
31400.300000
31405.600000
31409.000000
31417.400000
31442.100000
31444.500000
31450.700000
31461.600000
31513.800000
31515.000000
31517.100000
31524.300000
31543.600000
31547.900000
31564.300000
31574.400000
31587.000000
31596.200000
31606.500000
31607.600000
31622.600000
31637.100000
31644.200000
31648.500000
31658.200000
31669.100000
31687.000000
31688.100000
31695.700000
31714.500000
31717.600000
31724.700000
31729.000000
31731.500000
31742.000000
31749.100000
31754.500000
31763.500000
31792.000000
31808.700000
31816.500000
31818.900000
31829.100000
31830.400000
31847.000000
31861.400000
31879.800000
31882.500000
31888.800000
31952.300000
31955.500000
31959.600000
31963.800000
31967.100000
31974.200000
31992.000000
32001.500000
32007.600000
32022.100000
32029.500000
32038.100000
32041.000000
32049.500000
32063.700000
32069.000000
32079.200000
32084.000000
32096.100000
32108.100000
32134.100000
32146.500000
32167.700000
32175.000000
32179.600000
32183.500000
32190.500000
32200.500000
32212.500000
32218.000000
32226.500000
32231.500000
32236.500000
32240.600000
32242.100000
32247.500000
32270.500000
32273.200000
32277.500000
32283.600000
32294.500000
32301.100000
32302.400000
32310.600000
32318.700000
32320.900000
32331.100000
32348.300000
32352.600000
32362.000000
32369.100000
32372.500000
32378.600000
32381.700000
32438.200000
32454.600000
32465.000000
32480.100000
32488.400000
32513.200000
32527.000000
32534.500000
32538.000000
32546.700000
32558.500000
32567.600000
32577.500000
32584.800000
32587.000000
32590.500000
32600.700000
32606.800000
32614.800000
32618.100000
32619.500000
32628.500000
32639.100000
32666.100000
32674.500000
32691.600000
32694.500000
32705.000000
32711.500000
32723.500000
32729.500000
32735.000000
32752.700000
32758.000000
32764.600000
32772.100000
32784.700000
32792.900000
32807.100000
32810.300000
32816.500000
32846.200000
32862.600000
32905.700000
32913.000000
32920.100000
32924.200000
32928.300000
32940.800000
32944.900000
32982.600000
33003.500000
33006.700000
33029.200000
33037.000000
33045.100000
33064.100000
33072.500000
33073.600000
33090.100000
33100.000000
33104.500000
33109.600000
33116.000000
33145.400000
33150.600000
33167.300000
33183.000000
33196.000000
33203.700000
33208.000000
33216.600000
33219.100000
33220.200000
33241.800000
33246.900000
33264.200000
33274.400000
33288.800000
33292.000000
33305.200000
33313.500000
33321.600000
33340.400000
33366.000000
33373.100000
33380.700000
33389.100000
33392.700000
33398.800000
33422.000000
33428.100000
33436.500000
33441.100000
33446.000000
33455.000000
33465.200000
33470.300000
33480.100000
33486.000000
33492.500000
33498.700000
33513.500000
33520.500000
33523.600000
33539.600000
33545.000000
33557.500000
33562.000000
33571.800000
33579.000000
33597.300000
33599.400000
33611.000000
33614.100000
33615.300000
33623.500000
33628.600000
33637.700000
33648.000000
33650.100000
33683.200000
33690.700000
33703.000000
33710.200000
33719.500000
33726.000000
33740.600000
33743.600000
33762.300000
33767.000000
33779.600000
33784.000000
33807.100000
33820.500000
33822.900000
33833.100000
33839.500000
33847.500000
33854.600000
33863.500000
33875.900000
33883.000000
33892.000000
33897.000000
33901.000000
33916.000000
33932.500000
33936.600000
33944.500000
33947.600000
33950.200000
33959.100000
33963.000000
33972.000000
33986.800000
34001.200000
34003.300000
34032.100000
34050.700000
34054.100000
34065.600000
34072.900000
34081.000000
34082.400000
34096.600000
34115.200000
34124.400000
34143.700000
34151.000000
34181.100000
34208.500000
34214.600000
34217.300000
