0.000000
0.018182
0.018182
0.018182
0.018182
0.018182
0.018182
0.018182
0.018182
0.018182
0.018182
0.018182
0.018182
0.018182
0.018182
0.036364
0.036364
0.036364
0.036364
0.036364
0.036364
0.036364
0.036364
0.036364
0.036364
0.036364
0.036364
0.036364
0.036364
0.036364
0.036364
0.036364
0.036364
0.036364
0.036364
0.036364
0.036364
0.036364
0.036364
0.027273
0.027273
0.027273
0.027273
0.027273
0.027273
0.027273
0.027273
0.027273
0.027273
0.027273
0.045455
0.063636
0.081818
0.081818
0.081818
0.081818
0.081818
0.081818
0.081818
0.081818
0.081818
0.081818
0.081818
0.081818
0.100000
0.100000
0.100000
0.100000
0.100000
0.100000
0.100000
0.100000
0.100000
0.100000
0.100000
0.100000
0.100000
0.100000
0.100000
0.100000
0.109091
0.109091
0.109091
0.127273
0.124242
0.133333
0.133333
0.133333
0.133333
0.133333
0.133333
0.133333
0.133333
0.133333
0.142424
0.142424
0.151515
0.151515
0.151515
0.142424
0.148485
0.148485
0.139394
0.139394
0.139394
0.139394
0.139394
0.139394
0.139394
0.139394
0.139394
0.139394
0.139394
0.139394
0.139394
0.148485
0.148485
0.145455
0.145455
0.145455
0.145455
0.143939
0.140909
0.140909
0.140909
0.140909
0.140909
0.140909
0.140909
0.140909
0.140909
0.140909
0.140909
0.131818
0.131818
0.128788
0.128788
0.128788
0.128788
0.128788
0.128788
0.128788
0.128788
0.119697
0.128788
0.125758
0.143939
0.153030
0.153030
0.159091
0.159091
0.159091
0.165152
0.174242
0.174242
0.168182
0.165152
0.165152
0.163636
0.160606
0.154545
0.154545
0.154545
0.154545
0.154545
0.154545
0.153030
0.150000
0.150000
0.148485
0.146970
0.146061
0.146061
0.146061
0.146061
0.143030
0.143030
0.143030
0.140000
0.140000
0.140000
0.140000
0.136970
0.136970
0.136970
0.136970
0.136970
0.136970
0.127879
0.127879
0.126364
0.126364
0.126364
0.126364
0.126364
0.126364
0.124848
0.121818
0.121818
0.121818
0.120303
0.120303
0.120303
0.120303
0.120303
0.120303
0.120303
0.120303
0.120303
0.118788
0.115758
0.115758
0.115758
0.115758
0.115758
0.115758
0.115758
0.115758
0.115758
0.115758
0.114242
0.114242
0.118788
0.122424
0.122424
0.122424
0.122424
0.122424
0.126061
0.124545
0.123636
0.122727
0.119697
0.123333
0.120303
0.119394
0.119394
0.118485
0.118485
0.118485
0.118485
0.116970
0.116970
0.116970
0.116364
0.116364
0.115758
0.115152
0.115152
0.115152
0.114242
0.114242
0.117879
0.117879
0.117879
0.117273
0.117273
0.116364
0.116364
0.116364
0.116364
0.119394
0.119394
0.117879
0.116061
0.115455
0.115455
0.121515
0.120000
0.120000
0.120000
0.119091
0.118182
0.117273
0.117273
0.120303
0.120303
0.119697
0.118788
0.118788
0.117879
0.117879
0.117273
0.117273
0.117273
0.117273
0.116840
0.116840
0.116840
0.116840
0.119870
0.118961
0.118961
0.118961
0.118961
0.118961
0.118961
0.118961
0.118961
0.118961
0.118961
0.118052
0.118052
0.118052
0.117446
0.117013
0.115498
0.115498
0.115065
0.113247
0.112641
0.112641
0.112641
0.112641
0.112208
0.111602
0.111602
0.110390
0.109957
0.109957
0.109351
0.109351
0.109351
0.108745
0.108139
0.108139
0.108139
0.111169
0.110563
0.110130
0.109264
0.109264
0.109264
0.108052
0.108052
0.108052
0.107727
0.107727
0.107727
0.107403
0.111039
0.113766
0.113766
0.116797
0.116797
0.120433
0.120108
0.120108
0.119502
0.116472
0.115563
0.115563
0.115563
0.115563
0.115563
0.115563
0.114957
0.114957
0.114957
0.114957
0.114957
0.114351
0.114351
0.114351
0.114026
0.114026
0.113593
0.113593
0.111775
0.113593
0.113593
0.112987
0.112987
0.112734
0.112085
0.112085
0.111652
0.111652
0.109834
0.109401
0.109401
0.109401
0.109149
0.108716
0.108716
0.108716
0.108716
0.111313
0.111313
0.111313
0.111313
0.111313
0.110880
0.110880
0.110628
0.110022
0.110022
0.110022
0.110022
0.108810
0.108485
0.108485
0.108052
0.107446
0.107193
0.107193
0.107193
0.109141
0.108709
0.108384
0.107778
0.107345
0.106479
0.106046
0.105722
0.105722
0.105722
0.105397
0.105072
0.107237
0.107237
0.107237
0.106804
0.106371
0.106046
0.106046
0.105541
0.105541
0.105541
0.103723
0.103521
0.103521
0.103521
0.105685
0.105685
0.105483
0.105051
0.105051
0.105051
0.105051
0.103838
0.103838
0.103405
0.103405
0.103405
0.103153
0.101941
0.101616
0.100750
0.100750
0.100498
0.100498
0.100296
0.100296
0.099863
0.099538
0.101811
0.104408
0.104408
0.104408
0.104206
0.106371
0.106118
0.106118
0.105469
0.105469
0.105469
0.105304
0.105304
0.105304
0.105051
0.104886
0.104633
0.104633
0.104468
0.104468
0.104216
0.104050
0.103401
0.103401
0.103148
0.103148
0.103148
0.103148
0.102824
0.102824
0.102499
0.102095
0.102095
0.101446
0.101446
0.101121
0.101121
0.100796
0.100291
0.100291
0.101944
0.101295
0.101295
0.101295
0.101157
0.101157
0.100955
0.100955
0.100702
0.099404
0.098538
0.098213
0.098213
0.098213
0.098011
0.097687
0.097434
0.097109
0.097109
0.097109
0.097109
0.096604
0.096604
0.098423
0.098170
0.098170
0.098170
0.098170
0.099988
0.099850
0.101618
0.101416
0.101416
0.101416
0.101416
0.101416
0.101214
0.100962
0.100558
0.100392
0.099743
0.099743
0.099578
0.098928
0.098812
0.098559
0.098559
0.098421
0.098219
0.098082
0.100030
0.100030
0.100030
0.100030
0.100030
0.100030
0.099913
0.099583
0.099381
0.099215
0.098710
0.098306
0.099922
0.099720
0.099720
0.099720
0.099720
0.099396
0.099396
0.101127
0.102541
0.102541
0.101567
0.101402
0.101127
0.101127
0.100925
0.100925
0.100925
0.100723
0.100218
0.100218
0.100052
0.099952
0.099952
0.099836
0.099583
0.099179
0.098674
0.098674
0.098344
0.098344
0.098013
0.097811
0.097673
0.097673
0.099441
0.099324
0.099324
0.101092
0.100954
0.100854
0.100524
0.100019
0.100019
0.101396
0.102884
0.102884
0.102884
0.102379
0.102213
0.101708
0.101543
0.101543
0.101543
0.101543
0.101543
0.101543
0.101543
0.101543
0.101543
0.101268
0.101268
0.101035
0.100918
0.100780
0.100664
0.100664
0.102041
0.101067
0.101067
0.100865
0.100865
0.100865
0.100461
0.100186
0.100086
0.099948
0.099544
0.101197
0.100921
0.100784
0.100379
0.100177
0.100091
0.100091
0.099333
0.099003
0.098727
0.098727
0.098727
0.098627
0.098375
0.098210
0.099862
0.099367
0.099201
0.098444
0.098444
0.098306
0.098306
0.098306
0.098189
0.098189
0.097776
0.097776
0.097776
0.097611
0.097473
0.097069
0.096836
0.096634
0.096558
0.096558
0.096558
0.096283
0.096283
0.096166
0.096166
0.096001
0.095836
0.095603
0.095603
0.095272
0.095134
0.095134
0.095134
0.094901
0.094901
0.096315
0.096177
0.096177
0.096078
0.095844
0.095514
0.095314
0.094910
0.094910
0.094910
0.094910
0.094304
0.094071
0.094071
0.093954
0.095080
0.095080
0.095080
0.094676
0.094676
0.094676
0.094676
0.094345
0.094208
0.094091
0.094004
0.093805
0.093805
0.093705
0.093429
0.093429
0.093291
0.092796
0.092796
0.092679
0.092446
0.092446
0.092446
0.092446
0.092246
0.093458
0.093258
0.093121
0.092955
0.092869
0.092538
0.092538
0.092338
0.092201
0.092084
0.092084
0.092084
0.091671
0.091671
0.091671
0.091554
0.092767
0.093892
0.093892
0.093892
0.093776
0.093776
0.093114
0.093014
0.092928
0.092928
0.094093
0.093994
0.093877
0.093877
0.093801
0.093628
0.093628
0.093395
0.093295
0.093178
0.092979
0.092806
0.092530
0.093729
0.093233
0.093233
0.094555
0.095854
0.095689
0.096888
0.096888
0.096750
0.096750
0.097789
0.098791
0.099830
0.099631
0.099457
0.099224
0.099224
0.099224
0.099224
0.099124
0.099025
0.098925
0.098925
0.098773
0.098706
0.098706
0.098706
0.098357
0.098238
0.098238
0.098238
0.098010
0.097924
0.097837
0.097837
0.097837
0.097664
0.097491
0.097264
0.097112
0.096912
0.096837
0.096699
0.096612
0.096496
0.096496
0.096496
0.096496
0.096083
0.097322
0.097322
0.097047
0.096947
0.096947
0.096830
0.096755
0.096405
0.096318
0.095905
0.095789
0.097111
0.097111
0.097051
0.097051
0.097051
0.096918
0.096842
0.096842
0.096842
0.096842
0.096842
0.096736
0.096562
0.096487
0.096487
0.096254
0.096080
0.096080
0.095981
0.095631
0.095458
0.095391
0.095391
0.095190
0.095115
0.095028
0.095028
0.094961
0.094961
0.094662
0.094528
0.094178
0.094102
0.094016
0.093864
0.093664
0.094649
0.094349
0.094049
0.094049
0.093973
0.093874
0.093674
0.093674
0.093674
0.093598
0.093598
0.093522
0.093173
0.093173
0.093021
0.093021
0.092721
0.092626
0.092474
0.092407
0.093606
0.093055
0.092988
0.092837
0.092837
0.092577
0.092577
0.092277
0.092277
0.092159
0.093284
0.093284
0.093225
0.092965
0.092965
0.092552
0.092292
0.092233
0.092146
0.092079
0.092012
0.091926
0.091926
0.093051
0.094008
0.093542
0.093542
0.093390
0.093390
0.093390
0.093324
0.093324
0.094423
0.094423
0.094356
0.094356
0.094289
0.094289
0.094241
0.094165
0.094165
0.094112
0.094112
0.094059
0.093832
0.093745
0.094614
0.094555
0.094403
0.094103
0.094103
0.093970
0.093791
0.093791
0.093613
0.093462
0.093310
0.093251
0.093251
0.093172
0.093066
0.092932
0.092813
0.092640
0.092413
0.092413
0.092153
0.092019
0.092019
0.091966
0.091815
0.091755
0.091528
0.091428
0.091385
0.091385
0.091251
0.091251
0.091251
0.091192
0.091192
0.091192
0.091138
0.091138
0.091043
0.090909
0.090909
0.091958
0.091910
0.091710
0.091472
0.091299
0.091251
0.091192
0.091138
0.091032
0.090973
0.090973
0.091923
0.091764
0.091645
0.092554
0.092420
0.092269
0.091869
0.091869
0.091610
0.091610
0.091450
0.091450
0.091374
0.091115
0.091048
0.090929
0.090881
0.090809
0.090609
0.090349
0.090230
0.090079
0.090079
0.089972
0.089839
0.089571
0.089452
0.089452
0.089334
0.089227
0.089000
0.088957
0.088957
0.088957
0.088957
0.088778
0.088578
0.088525
0.088485
0.088379
0.088235
0.088140
0.088006
0.087958
0.087958
0.087905
0.087505
0.087505
0.087446
0.088572
0.088518
0.088518
0.088291
0.089157
0.089157
0.089157
0.089109
0.089109
0.088975
0.088889
0.088889
0.088823
0.088823
0.088610
0.088432
0.088313
0.088218
0.088174
0.088079
0.087851
0.087784
0.087784
0.087784
0.087784
0.087784
0.087731
0.087598
0.087554
0.087468
0.087381
0.087381
0.087333
0.087238
0.087238
0.087238
0.087238
0.087131
0.087053
0.086934
0.086855
0.086855
0.086855
0.087621
0.087621
0.087621
0.087577
0.087458
0.087352
0.087273
0.087122
0.087016
0.086968
0.086881
0.086845
0.086806
0.086806
0.086699
0.086521
0.086402
0.086284
0.086284
0.086240
0.086180
0.086180
0.086180
0.085979
0.085979
0.085849
0.085690
0.085583
0.085512
0.085456
0.085456
0.085384
0.085384
0.085384
0.085277
0.085277
0.085277
0.085230
0.085230
0.085096
0.085096
0.085060
0.085060
0.085027
0.085027
0.084849
0.084849
0.084849
0.084796
0.085657
0.085497
0.085458
0.085386
0.085347
0.085304
0.085260
0.085194
0.085194
0.085194
0.085194
0.085108
0.084990
0.084924
0.084894
0.084798
0.085667
0.085627
0.085592
0.085592
0.085432
0.085353
0.085353
0.085353
0.085210
0.085210
0.085210
0.085210
0.085144
0.085038
0.084878
0.084839
0.084839
0.084839
0.084720
0.084341
0.084245
0.085196
0.085148
0.085148
0.085096
0.085053
0.085922
0.085836
0.085803
0.085803
0.085629
0.085283
0.085283
0.086001
0.085965
0.085929
0.085929
0.085691
0.085691
0.085561
0.085561
0.086334
0.086334
0.087147
0.086910
0.086776
0.086680
0.086585
0.086585
0.086441
0.086297
0.086267
0.086219
0.086113
0.086113
0.086113
0.086052
0.086866
0.086838
0.086731
0.086636
0.087371
0.087371
0.087253
0.087253
0.087253
0.087253
0.087192
0.087192
0.086889
0.086829
0.086829
0.086829
0.086829
0.086829
0.086789
0.086756
0.086756
0.086490
0.086451
0.086425
0.086353
0.086223
0.086223
0.086190
0.086095
0.086095
0.086843
0.086735
0.086648
0.086609
0.086479
0.086392
0.086392
0.086392
0.086348
0.086304
0.086198
0.086119
0.085989
0.085777
0.085741
0.085662
0.085638
0.085566
0.085566
0.085566
0.085566
0.085566
0.085566
0.085448
0.085382
0.085382
0.085382
0.085382
0.085166
0.085110
0.085068
0.085032
0.085032
0.085798
0.085711
0.085612
0.085612
0.085256
0.085200
0.085113
0.085018
0.084910
0.084910
0.084910
0.084874
0.084874
0.084795
0.084762
0.084605
0.084574
0.084456
0.084338
0.084338
0.084146
0.084050
0.084050
0.084050
0.083960
0.083786
0.083786
0.083786
0.083688
0.083688
0.083569
0.083537
0.083537
0.083429
0.083401
0.083294
0.083243
0.083204
0.083117
0.083117
0.083117
0.083896
0.083863
0.084650
0.085386
0.085190
0.085190
0.085159
0.085099
0.085099
0.085742
0.085676
0.086346
0.087017
0.086945
0.086894
0.086681
0.086602
0.086602
0.086580
0.086580
0.087359
0.087359
0.088114
0.087795
0.087762
0.087654
0.087510
0.087431
0.087431
0.087431
0.087333
0.087215
0.087215
0.087189
0.087098
0.087098
0.086980
0.086720
0.086720
0.086672
0.086672
0.086593
0.087290
0.087290
0.087234
0.087204
0.087096
0.087048
0.087850
0.087659
0.087486
0.087465
0.087465
0.087404
0.087404
0.087374
0.087374
0.088092
0.088062
0.087905
0.087905
0.087905
0.087809
0.087809
0.087522
0.087450
0.087372
0.087307
0.087307
0.087175
0.087109
0.086929
0.086893
0.086735
0.086679
0.086651
0.086651
0.086543
0.086483
0.087098
0.087098
0.087026
0.087026
0.086919
0.086867
0.086867
0.086867
0.086839
0.086778
0.086778
0.086687
0.086390
0.086364
0.086364
0.086319
0.086319
0.086294
0.086294
0.086294
0.086294
0.086915
0.086915
0.086867
0.086833
0.086781
0.086781
0.086682
0.086583
0.086555
0.086555
0.086555
0.086469
0.086370
0.086249
0.086221
0.086165
0.086093
0.085857
0.085857
0.085713
0.086405
0.086301
0.086256
0.086256
0.086158
0.086102
0.085937
0.085913
0.085814
0.086497
0.086473
0.086431
0.086431
0.086165
0.086165
0.086165
0.086086
0.086086
0.086086
0.086805
0.086805
0.086805
0.086753
0.086753
0.086753
0.086621
0.086525
0.086374
0.086158
0.086067
0.086045
0.086612
0.086586
0.087313
0.088005
0.088784
0.088784
0.088693
0.088627
0.088627
0.088586
0.089192
0.089136
0.089063
0.089015
0.088884
0.088832
0.088748
0.088703
0.088703
0.088591
0.088500
0.088500
0.089147
0.089056
0.088883
0.088799
0.088799
0.088775
0.088749
0.088717
0.088626
0.088598
0.088598
0.088598
0.088561
0.088516
0.088477
0.088477
0.088386
0.089055
0.089031
0.089031
0.089609
0.089609
0.089609
0.089609
0.089609
0.089609
0.089487
0.089487
0.089416
0.089312
0.089155
0.089115
0.089038
0.088920
0.088920
0.088897
0.088875
0.088844
0.088820
0.088581
0.088497
0.088413
0.088329
0.088329
0.088308
0.088241
0.088181
0.088082
0.087942
0.087894
0.087618
0.087618
0.087497
0.087441
0.087363
0.087363
0.087147
0.087147
0.087147
0.087147
0.087147
0.087018
0.086952
0.086952
0.086915
0.086837
0.086801
0.086801
0.086738
0.086718
0.086677
0.086677
0.086632
0.086554
0.086465
0.086465
0.086465
0.087086
0.087723
0.087702
0.087629
0.087450
0.087450
0.087359
0.087247
0.087807
0.087555
0.087412
0.087322
0.087886
0.087861
0.087840
0.087756
0.087659
0.087659
0.087659
0.087659
0.087659
0.087576
0.088163
0.088163
0.087966
0.087894
0.087872
0.087853
0.088446
0.089014
0.089014
0.088930
0.088896
0.088896
0.088867
0.088848
0.088824
0.088824
0.088824
0.088765
0.088681
0.088633
0.088549
0.088482
0.088362
0.088254
0.088202
0.088202
0.088202
0.088071
0.088036
0.087997
0.087977
0.088528
0.089124
0.088959
0.088918
0.088859
0.088787
0.088709
0.088709
0.088479
0.088406
0.088303
0.088191
0.088136
0.088136
0.088097
0.088097
0.088064
0.088002
0.087983
0.087983
0.087983
0.087983
0.087983
0.087887
0.087887
0.087820
0.087783
0.087766
0.087744
0.087614
0.087582
0.087582
0.087555
0.087532
0.087353
0.087336
0.087224
0.087147
0.087147
0.087079
0.087079
0.087657
0.087567
0.087495
0.087374
0.087319
0.087241
0.087180
0.087135
0.087101
0.086889
0.086821
0.086801
0.086770
0.086770
0.086749
0.086749
0.086666
0.086470
0.086380
0.086380
0.086380
0.086317
0.086317
0.086317
0.086206
0.086206
0.086169
0.086691
0.086691
0.086633
0.086607
0.086535
0.086493
0.086341
0.086177
0.086146
0.086128
0.086128
0.086128
0.086076
0.086009
0.085975
0.085957
0.085906
0.086421
0.086337
0.086113
0.086094
0.086094
0.086690
0.086634
0.086634
0.086595
0.086566
0.086499
0.086440
0.086440
0.086391
0.086391
0.086391
0.086362
0.086916
0.086899
0.086875
0.086735
0.086636
0.086455
0.086350
0.086334
0.086334
0.086935
0.086935
0.086873
0.086873
0.087406
0.087406
0.087406
0.087344
0.087309
0.087290
0.087290
0.087833
0.087778
0.087778
0.087778
0.088312
0.088249
0.088795
0.089494
0.089435
0.089435
0.090031
0.089953
0.089823
0.089823
0.089777
0.089777
0.090272
0.090214
0.090702
0.090624
0.090526
0.090506
0.090482
0.090386
0.090371
0.090316
0.090301
0.090301
0.090132
0.090132
0.090084
0.090047
0.090047
0.089840
0.089749
0.089721
0.089610
0.089610
0.089582
0.089582
0.090152
0.090152
0.090137
0.090137
0.090639
0.090621
0.090531
0.090480
0.090323
0.090304
0.090195
0.090180
0.090148
0.090148
0.090093
0.090093
0.090622
0.090502
0.090443
0.090408
0.090317
0.090302
0.090251
0.090199
0.090199
0.090113
0.090087
0.090087
0.090067
0.089963
0.089811
0.089786
0.089707
0.089611
0.089508
0.089475
0.089970
0.090472
0.090383
0.090299
0.090299
0.090266
0.090244
0.090212
0.090187
0.089992
0.089967
0.089871
0.089823
0.089792
0.089766
0.089766
0.090223
0.090120
0.090120
0.089974
0.089884
0.089870
0.089784
0.089664
0.089612
0.089598
0.089550
0.089504
0.089458
0.089440
0.089440
0.089385
0.089385
0.089330
0.089299
0.089299
0.089282
0.089215
0.089215
0.089215
0.089169
0.089169
0.089083
0.089083
0.089002
0.088890
0.088792
0.088775
0.088761
0.088678
0.088635
0.088635
0.088635
0.088635
0.088622
0.088598
0.088520
0.088520
0.088477
0.088939
0.088914
0.088914
0.088914
0.088824
0.088773
0.088773
0.088571
0.088526
0.088429
0.088295
0.088846
0.088823
0.088732
0.088648
0.088619
0.088619
0.088538
0.088455
0.088392
0.088288
0.088288
0.088288
0.088257
0.088184
0.088002
0.087974
0.087956
0.087875
0.087735
0.087687
0.088182
0.088165
0.088089
0.087977
0.087964
0.087916
0.087864
0.087850
0.087834
0.087804
0.087726
0.087642
0.087551
0.087474
0.087458
0.087431
