0.000000
0.000000
0.000000
0.000000
0.000000
0.000000
0.000000
0.000000
0.000000
0.000000
0.000000
0.000000
0.000000
0.000000
0.000000
0.000000
0.000000
0.000000
0.000000
0.000000
0.000000
0.000000
0.000000
0.000000
0.000000
0.000000
0.000000
0.000000
0.018182
0.018182
0.018182
0.018182
0.018182
0.018182
0.018182
0.018182
0.018182
0.018182
0.018182
0.018182
0.018182
0.018182
0.018182
0.018182
0.018182
0.018182
0.018182
0.018182
0.018182
0.018182
0.018182
0.018182
0.018182
0.018182
0.018182
0.018182
0.018182
0.018182
0.018182
0.018182
0.018182
0.018182
0.018182
0.018182
0.036364
0.036364
0.036364
0.036364
0.036364
0.036364
0.036364
0.036364
0.036364
0.036364
0.036364
0.036364
0.036364
0.027273
0.027273
0.027273
0.027273
0.027273
0.027273
0.045455
0.045455
0.045455
0.045455
0.045455
0.045455
0.045455
0.045455
0.045455
0.045455
0.045455
0.045455
0.045455
0.045455
0.045455
0.045455
0.045455
0.045455
0.045455
0.045455
0.045455
0.045455
0.045455
0.045455
0.045455
0.045455
0.045455
0.045455
0.045455
0.045455
0.045455
0.045455
0.045455
0.045455
0.045455
0.045455
0.045455
0.045455
0.045455
0.045455
0.045455
0.045455
0.045455
0.045455
0.045455
0.045455
0.045455
0.045455
0.045455
0.042424
0.042424
0.042424
0.060606
0.060606
0.060606
0.060606
0.060606
0.060606
0.060606
0.060606
0.051515
0.051515
0.060606
0.060606
0.060606
0.060606
0.060606
0.060606
0.060606
0.060606
0.060606
0.060606
0.060606
0.060606
0.060606
0.060606
0.060606
0.060606
