14211.500000
14232.500000
14242.600000
14255.000000
14257.100000
14264.100000
14277.700000
14288.000000
14290.600000
14300.000000
14312.000000
14320.100000
14330.600000
14335.800000
14343.100000
14375.100000
14385.900000
14393.000000
14395.500000
14397.500000
14406.000000
14411.500000
14412.700000
14423.600000
14429.000000
14440.500000
14444.500000
14450.000000
14456.300000
14463.000000
14471.100000
14478.500000
14488.000000
14498.500000
14503.700000
14506.600000
14530.000000
14546.200000
14563.600000
14586.600000
14601.400000
14608.500000
14639.200000
14652.700000
14705.200000
14719.900000
14735.500000
14743.600000
14749.000000
14764.700000
14773.500000
14774.500000
14803.600000
14818.000000
14819.000000
14828.400000
14835.500000
14842.600000
14861.500000
14871.000000
14887.600000
14896.500000
14898.600000
14914.600000
14918.100000
14938.000000
14943.100000
14952.500000
14967.000000
14968.600000
14983.100000
14993.700000
14998.800000
15001.900000
15018.100000
15040.500000
15041.900000
15044.000000
15052.100000
15066.600000
15076.000000
15086.400000
15105.000000
15123.500000
15128.600000
15146.500000
15173.800000
15193.100000
15208.600000
15224.500000
15242.500000
15261.700000
15263.100000
15279.500000
15286.600000
15290.100000
15307.000000
15310.300000
15320.500000
15325.600000
15330.000000
15346.600000
15355.500000
15359.700000
15361.600000
15367.600000
15379.100000
15386.300000
15390.500000
15394.900000
15405.000000
15434.200000
15435.300000
15447.600000
15456.900000
15463.000000
15470.100000
15477.000000
15481.100000
15486.200000
15490.600000
15503.100000
15517.500000
15545.500000
15553.000000
15574.400000
15585.000000
15595.600000
15601.000000
15614.300000
15620.500000
15622.600000
15625.200000
15635.500000
15641.600000
15646.000000
15648.500000
15654.200000
15659.600000
15668.000000
15670.100000
15683.600000
15693.000000
15700.500000
15708.600000
15714.100000
15717.200000
15725.500000
15736.000000
15737.500000
15746.600000
15758.000000
15765.700000
15766.700000
15777.100000
15778.500000
15784.600000
15788.000000
15794.500000
15806.000000
15817.600000
15836.600000
15846.700000
15855.800000
15875.200000
15877.400000
15878.500000
15887.600000
15902.800000
15928.100000
15935.200000
15942.600000
15965.300000
15967.400000
15997.100000
15999.200000
16019.100000
16025.200000
16059.500000
16075.100000
16084.600000
16092.100000
16102.500000
16106.900000
16133.100000
16134.500000
16136.600000
16145.500000
16152.200000
16175.000000
16193.100000
16209.500000
16216.000000
16217.200000
16228.000000
16231.100000
16237.500000
16239.000000
16245.100000
16254.500000
16271.700000
16287.600000
16308.400000
16310.600000
16320.900000
16326.200000
16353.700000
16371.100000
16373.500000
16376.600000
16393.200000
16400.600000
16430.300000
16435.400000
16463.800000
16485.200000
16500.800000
16516.500000
16521.600000
16531.200000
16545.000000
16550.600000
16558.100000
16563.500000
16570.600000
16581.100000
16583.500000
16584.600000
16592.000000
16607.000000
16612.200000
16620.000000
16628.100000
16632.000000
16633.500000
16636.600000
16642.100000
16652.500000
16659.600000
16664.000000
16668.500000
16678.000000
16698.800000
16716.300000
16730.500000
16735.600000
16738.000000
16739.500000
16747.700000
16749.000000
16751.100000
16753.400000
16756.500000
16764.600000
16777.100000
16781.200000
16791.500000
16795.600000
16805.700000
16827.600000
16870.800000
16880.000000
16886.100000
16896.500000
16901.600000
16912.100000
16930.900000
16935.500000
16947.700000
16952.000000
16984.500000
16995.000000
17001.500000
17014.200000
17019.100000
17045.500000
17052.600000
17077.600000
17080.000000
17089.700000
17092.100000
17095.500000
17101.500000
17106.600000
17111.700000
17119.100000
17131.100000
17142.400000
17181.500000
17197.600000
17210.500000
17224.700000
17227.100000
17236.200000
17247.500000
17253.700000
17263.800000
17280.400000
17291.700000
17309.100000
17318.200000
17337.500000
17355.100000
17371.100000
17379.500000
17381.600000
17383.000000
17393.600000
17400.000000
17407.500000
17412.600000
17419.800000
17427.000000
17437.600000
17443.200000
17452.000000
17455.300000
17457.600000
17468.000000
17473.100000
17484.100000
17498.500000
17506.000000
17512.100000
17526.000000
17534.100000
17544.900000
17559.100000
17562.200000
17564.500000
17565.600000
17607.100000
17615.200000
17617.500000
17634.800000
17649.400000
17672.200000
17678.300000
17684.800000
17690.000000
17698.100000
17703.500000
17726.000000
17729.500000
17745.900000
17750.000000
17760.600000
17764.000000
17771.700000
17775.000000
17793.000000
17796.100000
17805.700000
17811.500000
17820.600000
17826.700000
17836.000000
17869.000000
17876.000000
17878.100000
17881.500000
17892.000000
17897.600000
17908.100000
17923.500000
17933.600000
17939.500000
17941.600000
17949.500000
17979.000000
17989.100000
18030.500000
18036.600000
18044.500000
18047.600000
18072.100000
18080.200000
18090.700000
18093.000000
18100.000000
18110.200000
18118.400000
18126.600000
18146.200000
18166.600000
18177.300000
18189.000000
18202.100000
18209.300000
18217.400000
18222.100000
18230.300000
18239.000000
18241.600000
18245.700000
18248.000000
18258.000000
18264.200000
18283.200000
18287.500000
18290.000000
18294.500000
18300.500000
18309.600000
18327.500000
18339.400000
18340.500000
18346.600000
18348.000000
18355.500000
18360.000000
18362.600000
18370.000000
18380.000000
18385.600000
18394.700000
18399.000000
18408.100000
18426.700000
18439.100000
18445.500000
18447.600000
18457.000000
18461.100000
18464.200000
18468.500000
18474.600000
18481.700000
18488.800000
18506.500000
18533.600000
18539.700000
18549.900000
18554.000000
18566.100000
18575.500000
18578.600000
18580.600000
18589.900000
18603.700000
18610.000000
18620.100000
18621.500000
18632.100000
18633.600000
18639.000000
18643.500000
18649.000000
18657.500000
18661.000000
18670.000000
18673.100000
18676.700000
18680.800000
18690.500000
18696.000000
18697.100000
18709.000000
18710.400000
18724.000000
18727.000000
18738.600000
18747.500000
18765.400000
18771.500000
18784.100000
18827.800000
18841.500000
18874.300000
18889.700000
18900.100000
18910.200000
18939.700000
18947.800000
18957.000000
18963.100000
18972.200000
19010.100000
19028.100000
19038.200000
19045.600000
19049.000000
19071.900000
19080.100000
19099.500000
19106.700000
19114.000000
19117.100000
19120.200000
19128.500000
19136.600000
19155.000000
19161.900000
19170.000000
19188.600000
19207.000000
19213.600000
19227.000000
19230.300000
19240.700000
19262.500000
19263.600000
19278.500000
19288.900000
19304.100000
19316.000000
19325.500000
19334.600000
19361.100000
19367.400000
19387.700000
19399.500000
19407.000000
19418.000000
19426.100000
19435.500000
19447.900000
19450.000000
19459.800000
19461.000000
19467.500000
19470.200000
19476.200000
19495.000000
19504.500000
19514.000000
19517.000000
19527.500000
19561.600000
19567.800000
19570.900000
19573.000000
19583.100000
19594.500000
19603.600000
19605.000000
19609.100000
19620.600000
19627.700000
19639.500000
19646.000000
19653.100000
19658.300000
19669.600000
19686.100000
19690.200000
19700.600000
19705.900000
19736.400000
19765.600000
19771.200000
19777.100000
19787.500000
19788.600000
19790.700000
19821.500000
19831.600000
19840.000000
19868.500000
19884.600000
19893.000000
19905.700000
19915.100000
19933.000000
19939.700000
19944.500000
19944.500000
19945.600000
19951.000000
19968.600000
19988.100000
19999.700000
20023.000000
20036.200000
20043.800000
20048.000000
20056.100000
20081.500000
20147.500000
20161.000000
20170.400000
20178.600000
20206.000000
20208.100000
20209.500000
20218.900000
20247.000000
20254.600000
20258.600000
20260.000000
20263.200000
20269.100000
20275.500000
20284.700000
20289.900000
20294.500000
20312.500000
20328.000000
20334.500000
20345.000000
20350.500000
20355.600000
20364.500000
20371.700000
20376.800000
20378.000000
20389.700000
20396.100000
20406.600000
20411.300000
20429.100000
20438.200000
20443.300000
20458.600000
20468.000000
20472.400000
20482.600000
20511.100000
20553.300000
20564.600000
20587.500000
20593.600000
20609.200000
20617.400000
20644.000000
20659.000000
20669.700000
20685.600000
20694.700000
20706.100000
20715.600000
20722.000000
20731.600000
20748.700000
20770.000000
20778.600000
20789.000000
20792.100000
20799.000000
20806.500000
20811.000000
20816.200000
20823.500000
20833.600000
20836.000000
20840.600000
20845.900000
20856.200000
20894.000000
20897.100000
20905.000000
20915.500000
20929.000000
20953.000000
20964.300000
20996.100000
21015.900000
21020.200000
21059.700000
21068.900000
21074.000000
21084.300000
21101.900000
21114.500000
21145.100000
21162.000000
21170.000000
21180.500000
21186.000000
21210.600000
21215.000000
21218.100000
21225.200000
21227.100000
21233.800000
21243.000000
21277.500000
21295.000000
21302.100000
21319.500000
21322.000000
21342.200000
21354.600000
21361.500000
21366.600000
21376.000000
21387.500000
21392.100000
21398.000000
21406.600000
21415.600000
21424.100000
21430.600000
21441.600000
21448.000000
21484.100000
21497.000000
21498.100000
21502.300000
21517.100000
21549.000000
21563.400000
21581.600000
21625.000000
21637.300000
21641.400000
21663.200000
21664.600000
21675.500000
21683.600000
21689.700000
21699.000000
21705.100000
21708.700000
21711.600000
21727.100000
21735.000000
21746.000000
21762.200000
21783.600000
21801.600000
21824.300000
21830.700000
21838.200000
21846.000000
21861.500000
21865.600000
21873.000000
21881.000000
21890.000000
21899.000000
21907.400000
21909.500000
21915.000000
21922.500000
21923.700000
21938.900000
21940.000000
21963.800000
21982.200000
21988.500000
21994.600000
21995.600000
22004.200000
22012.400000
22021.000000
22034.600000
22041.000000
22045.100000
22055.700000
22065.900000
22073.000000
22080.100000
22088.500000
22092.600000
22095.700000
22115.100000
22116.300000
22137.600000
22149.100000
22164.500000
22171.600000
22173.000000
22185.100000
22195.200000
22199.500000
22207.600000
22219.500000
22224.500000
22231.100000
22257.600000
22265.000000
22276.500000
22283.200000
22293.600000
22305.000000
22317.000000
22321.100000
22344.200000
22353.600000
22366.800000
22386.400000
22410.800000
22438.500000
22469.500000
22473.000000
22494.700000
22501.600000
22509.700000
22519.800000
22551.600000
22553.000000
22571.500000
22586.900000
22598.200000
22609.000000
22616.500000
22625.600000
22629.700000
22637.900000
22651.100000
22654.000000
22659.100000
22661.500000
22663.600000
22665.700000
22669.100000
22675.100000
22683.500000
22692.100000
22708.000000
22716.100000
22725.000000
22734.500000
22740.100000
22744.000000
22749.000000
22754.100000
22755.500000
22757.600000
22768.500000
22771.600000
22780.000000
22797.100000
22811.500000
22816.600000
22822.700000
22842.300000
22853.900000
22864.000000
22874.100000
22902.700000
22910.800000
22916.100000
22921.400000
22933.000000
22934.100000
22999.500000
23003.700000
23014.000000
23015.100000
23025.200000
23034.500000
23037.000000
23039.100000
23040.200000
23050.600000
23057.100000
23063.600000
23073.000000
23083.500000
23092.600000
23118.900000
23122.000000
23128.100000
23142.500000
23166.500000
23170.000000
23179.200000
23188.500000
23194.000000
23215.000000
23224.500000
23246.400000
23251.500000
23259.000000
23281.600000
23286.800000
23298.400000
23301.600000
23311.900000
23319.500000
23332.500000
23336.800000
23347.100000
23349.200000
23356.500000
23364.000000
23368.500000
23397.000000
23420.500000
23423.000000
23432.500000
23444.100000
23448.600000
23459.500000
23470.300000
23482.500000
23484.900000
23491.500000
23517.500000
23536.400000
23541.500000
23556.500000
23560.400000
23563.500000
23566.000000
23586.000000
23596.500000
23607.500000
23617.500000
23624.000000
23636.100000
23645.500000
23658.500000
23684.500000
23712.400000
23725.600000
23731.800000
23733.900000
23750.600000
23760.700000
23769.000000
23772.300000
23814.100000
23817.400000
23830.600000
23859.600000
23877.500000
23893.000000
23895.100000
23899.500000
23906.800000
23913.200000
23923.500000
23927.000000
23932.500000
23954.100000
23964.500000
23982.000000
23985.700000
23995.000000
24004.100000
24017.700000
24030.500000
24031.600000
24047.100000
24056.500000
24060.600000
24065.000000
24073.500000
24077.600000
24086.100000
24100.500000
24106.500000
24111.600000
24113.000000
24117.700000
24123.700000
24127.000000
24132.500000
24140.000000
24161.500000
24182.600000
24185.000000
24219.900000
24222.000000
24231.700000
24235.800000
24250.100000
24263.200000
24267.300000
24276.600000
24286.800000
24292.000000
24293.100000
24296.400000
24309.000000
24323.200000
24329.500000
24337.500000
24339.600000
24348.000000
24365.100000
24378.000000
24383.100000
24384.600000
24400.600000
24408.700000
24419.000000
24429.100000
24439.500000
24444.600000
24452.000000
24459.500000
24469.100000
24472.500000
24485.600000
24490.600000
24512.400000
24516.500000
24527.000000
24529.500000
24532.200000
24538.000000
24541.000000
24555.500000
24565.000000
24573.000000
24583.600000
24593.700000
24617.200000
24627.600000
24633.000000
24650.600000
24658.900000
24660.100000
24667.200000
24672.500000
24698.700000
24736.800000
24777.900000
24797.400000
24817.000000
24838.000000
24885.100000
24895.500000
24919.100000
24922.600000
24932.600000
24934.600000
24952.500000
24960.600000
24965.100000
24971.500000
24989.100000
25000.000000
25008.100000
25014.000000
25024.200000
25040.500000
25047.000000
25050.800000
25060.800000
25077.600000
25083.600000
25094.500000
25096.000000
25102.700000
25111.500000
25120.600000
25130.000000
25138.500000
25145.500000
25176.700000
25180.000000
25181.700000
25188.000000
25192.500000
25200.700000
25225.600000
25229.700000
25241.700000
25244.100000
25258.500000
25262.000000
25271.200000
25276.700000
25287.700000
25307.600000
25334.600000
25336.700000
25351.300000
25356.400000
25360.600000
25363.700000
25366.000000
25371.200000
25384.900000
25456.800000
25458.000000
25479.400000
25497.700000
25515.600000
25537.600000
25556.100000
25563.500000
25566.600000
25572.000000
25578.100000
25591.600000
25605.000000
25608.500000
25612.600000
25615.000000
25639.500000
25642.600000
25647.000000
25655.600000
25657.000000
25662.000000
25666.300000
25685.600000
25698.000000
25703.600000
25706.100000
25715.500000
25726.500000
25734.700000
25743.500000
25744.900000
25753.000000
25769.300000
25770.400000
25787.000000
25791.300000
25795.400000
25806.600000
25810.800000
25814.600000
25822.100000
25848.500000
25850.700000
25852.000000
25862.700000
25875.000000
25884.200000
25896.700000
25904.500000
25909.000000
25920.000000
25928.700000
25930.200000
25938.000000
25942.600000
25950.600000
25959.700000
25963.900000
25984.600000
25995.900000
25998.000000
26001.100000
26009.200000
26018.500000
26021.100000
26029.500000
26038.100000
26047.200000
26056.300000
26063.500000
26073.600000
26078.700000
26085.800000
26104.500000
26130.900000
26144.200000
26149.300000
26154.500000
26178.100000
26185.500000
26189.000000
26191.600000
26194.100000
26202.600000
26220.500000
26221.600000
26228.000000
26235.500000
26251.700000
26257.000000
26261.100000
26266.000000
26267.600000
26277.000000
26284.100000
26300.500000
26307.500000
26316.800000
26323.000000
26327.500000
26346.500000
26377.800000
26385.000000
26391.400000
26393.500000
26400.900000
26402.000000
26406.400000
26421.000000
26441.500000
26449.600000
26466.500000
26473.000000
26481.800000
26513.000000
26519.000000
26524.000000
26526.000000
26533.100000
26544.700000
26552.600000
26557.000000
26561.500000
26567.000000
26578.000000
26585.000000
26598.500000
26620.700000
26625.000000
26626.100000
26634.700000
26674.800000
26686.200000
26696.400000
26697.500000
26714.700000
26716.800000
26739.300000
26762.700000
26767.900000
26780.100000
26792.700000
26802.200000
26811.500000
26818.600000
26827.000000
26837.100000
26850.000000
26860.100000
26867.500000
26877.600000
26889.400000
26898.500000
26904.600000
26907.000000
26923.100000
26933.500000
26946.100000
26949.600000
26954.100000
26956.500000
26959.000000
26975.100000
26979.100000
26996.500000
27014.000000
27025.600000
27038.100000
27043.500000
27047.600000
27055.800000
27057.400000
27102.600000
27106.900000
27124.200000
27145.000000
27148.100000
27157.200000
27163.300000
27200.900000
27223.500000
27231.200000
27241.500000
27251.600000
27274.200000
27284.000000
27291.100000
27293.600000
27301.100000
27302.500000
27312.700000
27322.000000
27325.100000
27330.500000
27338.100000
27339.800000
27347.100000
27348.200000
27351.500000
27357.000000
27369.500000
27387.700000
27391.600000
27400.500000
27416.900000
27418.000000
27423.100000
27433.700000
27440.900000
27442.100000
27445.500000
27475.800000
27498.600000
27512.000000
27530.700000
27532.000000
27534.100000
27539.300000
27543.500000
27555.700000
27569.100000
27579.200000
27580.500000
27590.600000
27606.400000
27614.300000
27618.000000
27623.100000
27626.500000
27630.500000
27635.000000
27644.100000
27654.500000
27658.100000
27661.700000
27671.500000
27677.600000
27681.000000
27687.000000
27697.100000
27707.700000
27709.000000
27715.100000
27741.700000
27749.000000
27759.600000
27764.100000
27773.100000
27775.600000
27786.500000
27789.600000
27799.000000
27803.500000
27808.500000
27825.200000
27839.800000
27843.000000
27850.500000
27860.600000
27863.700000
27880.000000
27891.300000
27900.600000
27934.500000
27944.100000
27946.200000
27965.100000
28008.100000
28017.500000
28030.800000
28043.100000
28061.100000
28063.500000
28072.700000
28077.000000
28092.500000
28094.000000
28099.500000
28101.600000
28110.100000
28126.200000
28131.600000
28134.900000
28140.500000
28154.600000
28170.000000
28175.400000
28176.600000
28186.100000
28198.400000
28202.000000
28207.100000
28213.500000
28221.600000
28223.700000
28229.000000
28236.100000
28257.000000
28265.500000
28281.000000
28285.600000
28294.600000
28319.600000
28345.500000
28374.100000
28377.100000
28391.600000
28396.100000
28434.600000
28458.100000
28466.600000
28476.700000
28479.100000
28482.500000
28508.100000
28532.400000
28543.000000
28570.500000
28580.600000
28588.700000
28598.700000
28623.600000
28632.000000
28633.100000
28635.300000
28650.600000
28666.500000
28677.300000
28686.600000
28721.500000
28731.600000
28732.800000
28738.100000
28742.000000
28760.600000
28768.900000
28792.600000
28812.600000
28822.500000
28836.500000
28846.600000
28849.100000
28852.500000
28856.500000
28864.200000
28878.500000
28882.600000
28903.100000
28907.200000
28914.200000
28928.500000
28931.100000
28943.000000
28946.200000
28958.500000
28962.500000
28985.600000
29013.200000
29022.300000
29024.500000
29030.600000
29033.700000
29043.100000
29051.200000
29055.400000
29065.500000
29071.600000
29077.700000
29090.100000
29105.300000
29108.300000
29116.500000
29121.600000
29125.000000
29140.500000
29150.000000
29173.700000
29176.500000
29178.600000
29184.600000
29188.100000
29194.100000
29202.400000
29205.000000
29210.000000
29217.200000
29228.700000
29233.000000
29244.500000
29256.000000
29258.600000
29265.000000
29266.100000
29276.500000
29281.600000
29291.600000
29294.000000
29300.500000
29309.100000
29312.500000
29326.600000
29335.500000
29343.000000
29352.400000
29356.500000
29360.100000
29367.000000
29374.100000
29385.100000
29404.600000
29409.800000
29415.000000
29416.100000
29420.200000
29430.400000
29435.100000
29439.500000
29455.100000
29458.400000
29460.500000
29472.600000
29479.700000
29492.200000
29520.800000
29526.900000
29529.000000
29538.300000
29573.100000
29581.500000
29597.000000
29625.200000
29631.500000
29659.100000
29660.200000
29669.600000
29677.000000
29685.500000
29688.600000
29690.500000
29693.000000
29694.600000
29701.000000
29709.700000
29726.700000
29743.500000
29751.500000
29765.000000
29774.000000
29783.600000
29793.000000
29796.600000
29800.000000
29812.000000
29813.500000
29821.800000
29831.000000
29852.700000
29853.800000
29871.200000
29876.400000
29879.500000
29883.600000
29886.700000
29892.700000
29917.000000
29920.200000
29923.400000
29924.500000
29937.700000
29968.600000
29974.300000
29986.600000
30003.500000
30017.600000
30029.100000
30044.200000
30046.500000
30052.000000
30058.500000
30067.500000
30070.000000
30076.100000
30085.000000
30103.500000
30114.000000
30122.500000
30147.000000
30153.500000
30163.100000
30172.600000
30183.100000
30185.000000
30196.000000
30202.700000
30204.200000
30205.300000
30232.800000
30244.600000
30248.000000
30262.200000
30268.500000
30280.000000
30300.600000
30319.200000
30321.500000
30327.600000
30331.800000
30345.100000
30349.200000
30357.400000
30365.500000
30378.100000
30391.600000
30398.900000
30400.100000
30406.500000
30413.000000
30422.100000
30427.000000
30439.500000
30454.000000
30464.100000
30479.000000
30489.400000
30497.700000
30506.000000
30512.200000
30521.600000
30548.000000
30567.600000
30578.100000
30587.500000
30594.600000
30604.600000
30617.500000
30625.000000
30633.100000
30642.500000
30648.500000
30659.000000
30668.500000
30676.600000
30679.900000
30685.100000
30695.200000
30703.200000
30711.500000
30714.600000
30734.300000
30749.200000
30756.300000
30764.400000
30769.600000
30774.700000
30793.500000
30798.600000
30835.700000
30846.100000
30852.500000
30853.700000
30880.400000
30885.500000
30890.600000
30929.000000
30935.600000
30938.000000
30951.100000
30958.300000
30985.000000
30988.700000
31002.000000
31012.500000
31032.500000
31038.000000
31039.500000
31050.500000
31062.600000
31069.600000
31072.000000
31076.500000
31085.500000
31096.100000
31105.200000
31121.400000
31129.600000
31139.700000
31141.000000
31160.500000
31167.600000
31176.800000
31182.900000
31187.000000
31221.700000
31225.200000
31231.500000
31255.800000
31277.100000
31285.600000
31294.300000
31299.500000
31313.500000
31319.600000
31333.100000
31350.000000
31355.500000
31363.200000
31365.000000
31374.100000
31377.900000
31383.500000
31398.500000
31401.600000
31425.100000
31453.100000
31461.500000
31487.600000
31491.000000
31500.100000
31507.200000
31518.000000
31524.100000
31531.300000
31544.600000
31554.700000
31568.100000
31576.500000
31603.800000
31621.600000
31625.700000
31629.800000
31645.200000
31653.000000
31667.600000
31678.000000
31683.500000
31687.600000
31701.000000
31720.500000
31745.700000
31747.200000
31758.500000
31770.100000
31774.000000
31780.700000
31784.100000
31805.400000
31812.900000
31814.000000
31819.600000
31835.600000
31844.800000
31853.000000
31865.500000
31883.100000
31893.200000
31902.500000
31910.600000
31920.000000
31929.600000
31958.000000
31966.200000
31975.600000
31990.100000
32014.000000
32029.300000
32044.600000
32048.700000
32054.000000
32057.500000
32065.600000
32067.500000
32089.000000
32097.100000
32106.500000
32110.000000
32114.600000
32125.000000
32131.200000
32147.900000
32158.500000
32164.800000
32168.000000
32176.100000
32180.900000
32185.000000
32193.100000
32202.200000
32210.000000
32211.400000
32220.700000
32238.400000
32242.500000
32253.600000
32262.100000
32263.200000
32273.500000
32280.600000
32291.000000
32299.500000
32311.000000
32318.100000
32340.600000
32348.700000
32354.100000
32358.400000
32378.000000
32386.200000
32396.500000
32404.000000
32408.100000
32427.600000
32441.500000
32449.600000
32460.000000
32467.100000
32474.200000
32480.500000
32483.600000
32494.200000
32510.100000
32521.000000
32522.500000
32525.700000
32546.500000
32547.600000
32555.000000
32560.100000
32578.500000
32580.600000
32590.000000
32592.100000
32596.800000
32605.000000
32627.500000
32633.600000
32682.200000
32688.500000
32691.600000
32706.000000
32716.500000
32717.600000
32725.700000
32750.300000
32753.500000
32764.100000
32773.200000
32774.500000
32800.100000
32804.200000
32814.500000
32816.000000
32829.500000
32836.100000
32839.600000
32842.000000
32852.500000
32862.100000
32863.400000
32872.600000
32880.200000
32890.500000
32899.600000
32900.900000
32914.600000
32927.500000
32930.200000
32933.700000
32937.100000
32941.400000
32948.500000
32960.800000
32966.000000
32976.500000
32984.500000
32987.600000
32998.600000
33010.000000
33029.500000
33044.700000
33052.800000
33055.900000
33077.200000
33094.700000
33101.000000
33114.200000
33127.600000
33195.100000
33217.700000
33227.800000
33241.200000
33251.500000
33275.000000
33290.300000
33302.500000
33308.100000
33321.100000
33332.500000
33335.100000
33344.600000
33355.000000
33370.500000
33376.100000
33386.400000
33403.000000
33409.100000
33415.500000
33420.000000
33429.200000
33434.400000
33444.000000
33450.100000
33457.500000
33468.600000
33479.100000
33490.500000
33493.000000
33500.000000
33507.000000
33516.600000
33520.500000
33530.500000
33539.100000
33546.000000
33557.100000
33567.600000
33571.600000
33581.600000
33588.100000
33601.000000
33608.600000
33627.000000
33659.100000
33684.100000
