1679535370
615214935
1805522783
563036993
1449166188
1805655495
1995785711
779506537
1847630848
1416646321
152935313
1733708212
97584745
660595527
258702075
898097766
704532896
1265631707
43813111
126235001
775291877
2074328176
968882438
1082257020
824779910
417707122
718995026
644526918
771364520
2130335491
926109825
540203389
1946655465
2100664356
1405671024
1607711779
1615260661
1199362467
251117943
370128088
972864485
392513453
1392412968
428213355
1524389408
120864904
1189089989
914580164
24681710
1596906852
816640638
1451969504
1866887549
815458486
1705971276
2060610711
707063346
2102710988
8087505
1173486474
1526263470
77052806
1894874622
2131770832
1404282405
548553851
631106539
384050098
1340210406
1795871888
2145918060
362539713
1337584268
945447696
1035972125
322583088
798742984
944997636
548502524
1300793491
1896999727
794662102
1377029222
2045069516
759551441
1675695572
753476697
1383634263
467180311
738917478
1851897786
1451873108
150592243
484054304
905564922
1955177384
1877270690
529764756
1452675847
1095365372
502909429
1393301819
1320361328
1254101586
1721942599
14345929
2077902579
1416860285
1927459906
1887410560
1037443861
1256231144
124649911
1881438969
1410041718
473069905
286052764
166153486
1687375148
41493668
2107408009
1135226182
574307781
1149401500
1101671592
625180209
2002934041
1816604432
1319231785
1550069223
1821937382
618800910
1745668389
74290105
1398736959
2034822298
194978588
1433666322
137782856
398476318
2082330601
1437836261
291242164
894729040
621945050
559586772
1796141795
546622173
1228845045
862473129
1421843786
1192500055
956342646
175647603
60052176
339348083
233777879
669359852
1289496523
1369650882
1870947959
570705184
823394400
633787499
1427809655
1767661418
1495718041
631054962
1732410073
975001159
41775242
644327264
1295382767
132579900
1217175214
503038429
1237856412
1935216547
2094788428
2074229459
1352909464
1937004020
1311155509
1770552504
1057814576
330360407
2011962653
785092254
894670610
1444305604
1315045833
482782368
460302846
1274284715
15526404
1712104964
358298030
1848832458
1357242100
420423437
1949133383
1767623480
1475211048
1695870730
594014166
46362799
1926942785
1781380739
1477892372
1115827206
1076004910
1900992329
1473164889
151547514
1712677912
463428367
1490039381
174744381
50024621
603848979
79007251
506046636
156094186
469494034
1572680046
1555260684
382916435
1396096460
664982069
614660962
1943465893
1310671327
1159692785
604775145
1334295660
1225079844
983376947
1132952521
574936097
85904404
142193190
1261005260
1170458646
562410421
750357643
2106095006
49808071
489398953
151399827
2062989261
730017719
781972152
321780194
1176690261
1823268309
2146144069
834808977
841775283
1100315310
1829308388
35091651
1142412325
897507357
764590878
1769216230
533962926
1667188642
1526626553
517224865
462633629
1236154164
1354714519
135719029
1187600452
553719663
179055767
386076171
512112271
428684213
1231648879
1338560812
319130795
1633779722
1522991025
1722302146
2116569666
1036197181
143548576
1080491923
856565741
392678713
212090533
33614013
614375915
1607627767
1550489906
1803157714
1988138818
1415205796
381788319
335049316
1899140716
197590189
661912321
1523852728
17112022
1766760693
488130310
962909048
1261934609
1919550181
1451583237
1606074851
921421734
1971460245
1429588580
721515207
831606525
1344472814
1071953278
237691516
1523504732
1424024423
1471369794
1886893875
2101450365
2068790844
1267320561
941535488
691988820
1629302099
784678332
1448683203
2008348402
1722098091
2055233246
833287295
1372899797
1653579089
1731940086
526742513
488502012
1378361980
1427899934
736605624
2137718536
2028550757
513670498
804824820
1552333620
977074543
907798616
1764205567
633735717
369154076
1064952735
2014786898
2107081264
1623094628
88431164
602665439
1592740747
185016233
1223398603
1469065761
173971316
2009282811
1963346906
327951111
1153313294
1487205665
176779879
50002377
35284037
1347840894
1499482943
540160032
135800575
1126393843
1421132984
917644416
600779986
1472637191
1760651540
568327672
1349843994
269354203
1252926836
1793261881
703576775
1056006189
972157158
1636269394
943958191
485162262
1095318603
154923351
521362992
1007812411
647274582
1002670036
894573857
1444479684
930150760
1409722686
1213886874
1876199229
1532200239
1051852566
1141901927
210098049
1598809496
2105818161
1225004346
1651376137
1171737824
1774736817
982434353
219282802
769040056
227100868
226942086
1877531653
481708020
1285645428
1054456195
983513412
1628821369
1694738569
592522085
1901574695
166221165
590328329
978636615
337825849
820303417
219564892
1122231
157788640
338332766
830023018
704472897
1871988233
1484532088
539515273
421995573
1769628383
2024871641
1144872118
1449878591
2106565800
136966266
470371945
294902184
872917726
1410620325
943927924
161605962
2082380760
1258850081
1977903082
71726915
19457709
232802494
992616967
1478913785
841450605
727149029
1959922913
1217116208
449520205
1600227464
1153076491
2004898440
1202759689
835007041
1971237740
1632700647
208427139
487422904
1467642925
494859534
1113561475
2054753557
798548739
365932941
1201901626
1334551884
718960386
106281171
1409984099
373715426
2083377681
1948691160
1333919536
2093756977
461627157
197727351
1181196194
1214172906
525908122
1133185194
1218698194
588592051
265510965
335908543
1469509683
1931058196
1338522198
553207692
1983740660
1291388611
356993873
62330573
143501602
472973938
1794611125
205811652
435396980
419666598
1813038216
1263367551
397643913
1407264283
1268960272
1356060919
950447013
1981562397
1147729740
1009283090
473212465
170201972
1892413422
133341469
1998974089
1409227827
1301140023
1664077873
1791045532
1954797622
1523802166
1917184340
1553633391
1149658902
850798554
231372768
604481530
1391533505
181117039
133489064
1657896244
2049203842
379050489
517295327
1233756961
1056369435
1115863294
535234791
252199490
969747465
1657784300
1893370712
785854393
1245786489
1822333870
1814537325
103329054
1063918250
426582937
1110868251
1868384812
681011942
254950989
1656476062
1916987834
1108123239
1464282361
1087000968
1630465146
1327707852
233073552
211490458
1904111788
896794364
1549952832
1085366337
52507732
1523625178
1846987597
804541311
408553415
1140555095
1959686452
1046902456
299609877
928969939
876557763
686689526
1192728838
1336939400
402262701
1049307956
605553098
1498785306
904755982
1446024789
8942139
1298196946
1344408434
437365874
101635727
1081969094
1338103366
2066852650
278179523
1670770895
1280114489
1925061259
2107466760
1494443833
787295706
97526826
1805145405
1090726529
1659874159
1199263175
692854369
2059070426
397565815
1402521783
1531742817
1583370576
1323814645
783136205
1604163043
1952514314
1745692834
328584646
1993605784
1923279902
409895307
260241128
2078194793
1220126085
1534371164
998295203
1230827942
1846739503
27855764
1890236339
2112105374
1294151041
1253805644
425457355
1382768812
1334740254
1140713769
413305070
892627080
1876977476
1293707401
775580026
1445254655
273500122
642592558
1451542032
979769072
1803511802
1463709537
782687765
1701054314
412406088
1484112824
322509324
1105972988
936812460
1334701526
172437077
439401505
1862273278
533332131
1205480295
887531894
1589790188
522902689
2123274910
1259361143
1945088599
257348492
710916789
1902144032
633766534
917616643
773866270
992686144
885103413
2003045526
804709613
230087122
1815318841
190327711
1277454457
1208470480
213999997
1105152141
1716064938
1977261728
949870443
559311722
1577389273
1363985400
1305833399
1476404588
952503725
879471964
76351828
1287623318
487131195
680004675
43264528
750272610
183050134
1727755879
778221842
1842595579
1278283203
383392226
141415190
167544188
1790523668
1951319661
640019226
2023844776
1032745653
61487033
2079892028
1089958612
1515187060
569058337
1965387402
2067161227
1333620826
48022370
2028875098
1947716902
1544066227
304553993
38623492
1100278577
1501124857
360107771
417560636
1322244419
1704634175
405965128
692844996
385455910
1140651363
140811912
1052344453
979455686
1510828374
218420648
185273067
1122901270
1910502499
1595974585
1013993742
1352713338
1920199753
1989499429
150076525
237213547
942664380
367989406
1431765103
2066865137
1452522293
167136245
810770323
343388726
1225972369
199622986
186022877
1777718507
134438717
2143201822
151730711
226024957
2142842414
1116728543
61423828
1047270157
2050308411
2029364606
1277086197
1567990312
256981397
2073938609
1506115785
1307333410
599313023
526795204
1922770828
990136646
372490395
105075071
1546548044
47037474
692367953
1018842292
530146405
402962070
604250111
1088759005
1093455278
1828822086
197217106
1598857418
844182679
1962918891
1456076319
1446439759
750280705
584397251
179615175
1943506277
2112744947
1995288920
1060663270
1346029376
1801937943
1536035446
1187625018
2103034098
1098837936
807931565
477984972
163701558
1559434791
491533283
1903292324
43341522
865817158
61633758
1265917889
1292795296
1283612011
378776322
23183531
1263073854
1210062454
657798433
39848402
1783561293
1578354629
1113592043
2067993678
2004070392
837357499
705392901
1318130472
973502169
629657277
2143366871
1700281889
720160685
178454382
1174255909
1518597753
1855056441
676382591
365890126
737182167
1975408522
674495560
217423528
542461855
203150874
1194210688
2095823889
16461526
1881794123
1805681624
307058753
92779649
1510273795
1537610698
228540981
1906816204
146624983
2117303041
1939966803
1427056767
861551983
969891183
305285544
1032088513
1496922014
1174809886
820040061
1721588201
1036732375
209704912
2120867527
1795985641
1093135003
1760703181
987552620
804292510
1009989298
368821431
1678125536
1872020665
96898284
183628032
1709558972
240759052
1396531644
871460891
475347381
1396436792
1801268927
988854313
37026093
1854537764
1753576821
266412888
943153431
396807108
1080431476
1974729688
1766271866
1277150721
1347805587
1028180100
772056669
2129800419
941077914
1052024476
2095223362
811897657
1482920654
181426577
719004979
485921983
1035533075
784218725
52013286
635739381
1696747860
328309266
780916043
1464064255
8291346
1162931973
1083542032
424524319
910351132
199911278
2063556343
490195758
1691733964
1499510265
225600282
1161743051
989951865
524218534
29023558
1770099417
687409621
1468588751
1550996514
1096939011
1199614472
1568967748
1315147883
44348113
1332087509
252982380
1759165435
236492743
177749541
1888399951
522281231
1938261376
792137031
1493992717
125704110
2144645585
1371906740
575930842
807400217
399303440
1233506057
1121920342
642594583
34509475
1589967168
1714328596
1644034802
1858713868
74495892
1379611484
1883678658
1737812929
1661709222
587848493
1690913685
2128387038
32916305
1266204284
1680080224
1859336998
2145815320
870225248
1896330740
1551734367
1457909008
699814209
165499575
464512856
2074493921
1607260463
1067110754
455463937
569027522
1136617544
517847092
1317417947
591467439
936280031
1364513666
1693837315
1785510649
1540599612
522891637
618171842
830524551
1534659773
323054162
297586085
967924268
1358384257
1752896591
1591666435
259794871
88613988
927456551
761999527
1255546543
954906720
1156720878
1497965464
1489773611
705251701
1951067967
1905284081
511856732
492578795
984247726
851078510
51107507
1442556144
1271338744
1573581406
538371226
1986907480
1843908261
1182123109
1647337715
1357167317
736555680
1174700168
67320863
314439896
1479482094
1505539199
2127541063
719791827
597991990
1741203077
1555041673
515462641
486179751
1028033312
752034063
1917524166
593220874
1141252654
1789656616
645341291
1108713975
1744880711
325628925
2102621272
515793998
2276006
977812801
1414858831
97954735
500921091
1702067749
1592316846
246661250
1826160529
1687796485
704026664
813687230
581891824
192401922
1126788117
1531911721
784271925
2088778717
16996393
1607294127
956361101
284172712
64196152
390865666
1134846626
1413959342
1954120220
1631537287
1657557544
1962917757
1476520438
1276527517
1057921338
912911832
521933362
1651788151
1742908617
311243173
1127086710
1722011852
1653760381
2023751404
693588461
183182163
1174938535
1540142167
1056718023
489854990
1532894428
753205725
848965494
361651447
1133674087
1916955415
1747501475
594983937
566656719
896355041
545086221
297731840
811516503
802314789
439926502
1924785699
352629445
1315041367
1491221894
1938625935
523958444
1203257475
1761151914
1701574334
1161168711
557684187
1901575599
168860806
1952912165
1964313192
731169906
827686079
240019052
223986132
1356350014
880010963
507573316
1364202032
665102729
1109515057
1922268734
402991780
610233839
1552155962
320539817
365100847
962466321
598707646
315095911
2024333893
401357340
1253959369
2083475042
486962849
582780429
1202608336
1739991160
1995317455
1464681465
713020745
73309298
1425848937
798270532
1304349804
1546237562
770060444
802548379
338072672
417387870
81359300
667792918
386693965
971491284
960481735
1184489175
1149230205
926945878
1035878909
1741777315
1250595663
656739355
1760220258
1090654094
1460244759
163074442
1942281753
1017246243
1055545103
1778040647
1882755522
1018740761
169540820
836074988
1694957381
1507005746
1247757462
1108908173
1394973980
2119454630
1772936314
459484540
1331667556
1038815889
805990038
1690734810
1313888949
535003549
1985775324
67906129
583817152
512082483
617266599
1676914971
1803128667
328343121
744365687
1628174784
203452610
41808824
1288758307
1418588497
1396008190
373979987
273677834
173281368
1695547482
1664597638
698023935
1603727962
1268853711
1593655983
16325999
918308263
826423846
314825064
76586789
1234907914
105506502
542423089
265745417
1828180171
1318402644
827520804
301420699
1536688092
389964343
187276671
122295549
551302208
1446441662
1399607370
1789882303
1149927819
564658304
1562908772
841077093
586724106
909190516
1467011244
1802713221
1875630403
1386844194
801129645
1274324445
136287360
915792492
1037057920
402486600
893025939
407160225
1847325765
290639157
1378855197
1692182467
89132092
1775148077
2002755150
1097081024
1512138300
1986134739
1343058249
749467122
1194817495
1603789288
435945072
965334049
1104577742
2036669580
1811861671
581151983
1431488716
1328717536
2069556889
1786627102
1904817032
609047831
1072735738
1163634935
651351127
1752868706
282091839
1910546015
1523494487
1705304551
1470232964
206518475
1109601667
792604823
1415599891
884007660
1708773353
752292309
1488574911
939440447
1812814652
639076736
1566581454
15298880
2045469403
1240674612
1156210216
1303896569
443735671
658979780
2014123437
1469221416
1918392710
1095873917
2123244385
588223383
1973143339
10974118
1651356230
555359516
19116360
972594231
159258624
2008031980
1734120295
661830410
127790593
15359269
466282307
1699091331
137184327
339802850
1369259564
1930336995
1453771624
173433700
2092839650
560072316
496297279
1817302852
1809739229
1277515501
1244184226
1384125023
417844494
1870784402
366312326
1779945152
1117778233
1990967609
1253881875
1177792893
1147028767
775005382
670022269
71390630
1838275791
1692122588
1056920334
166013404
247359558
834007093
1398461307
289218487
922141489
507435747
979135232
1834150073
368369043
1050828315
1887849762
747290578
1718952297
979726997
704309729
1908660274
965451542
2010654030
7029895
1159253201
746529834
200770999
1117501137
763765082
1457900483
434992541
115294584
1343693875
1660004687
1637412144
1843439973
2057247399
2041849801
1594302893
2128575581
904150957
1292366161
470030301
504088227
915708361
1544443627
988451550
1058345391
1022749169
1782646538
1978876258
1183969365
1032973085
1884839745
2104080813
152424091
568785858
1115123172
1429048501
1332375569
286423250
1357231233
1977925186
934449404
877130893
1053660146
861205627
158091546
562406486
1425397230
289363017
1728999525
1915302751
1045722667
1156770794
2090318612
1299324494
408347636
38451406
1191678633
1793304524
1652403143
1923294920
116421248
1896887820
821853206
2096160378
1818554467
1680173765
1061106394
1129092074
1011609456
2092185575
847571416
970807795
558707332
1546737103
1613435046
489061017
361910930
207098932
2141736798
1252135092
678673202
2025367814
1579322424
1552099008
434549725
114582012
32687719
118884954
562632374
602646600
1616124335
1350469349
810199385
1997272338
965582513
1564021982
1530775529
2027667517
272174250
381916730
51980699
1198609944
802277252
1126124309
1208984804
414010704
1779533624
1151412431
766230382
57033398
147838636
1035950782
1250860547
1895794069
1260340499
196227953
969707124
197813041
143867323
555016452
1677983489
2029753490
901770435
627010251
1802079022
1755561704
2078413409
1687436853
851186383
615523189
1959693172
1959725729
1306497237
1889689434
1634043357
646548091
1648845942
28959116
1235103446
1769197610
1002211031
1024755229
162070989
1908019458
1602861436
1403985453
1220813507
1541413271
2145696217
125735280
1537253348
520145072
2050574329
83470575
625351859
741497660
1152313576
891345472
1935593419
1617883164
1480921889
509632352
962553801
2089423676
1764843353
1607593229
1748957847
923143514
965124645
179556475
1952645470
66698309
1266482893
234472692
961667746
169706639
1840501481
156981972
1375160998
2063168692
928500202
1897109741
864091525
987828249
404721050
2120080474
1424383727
49965565
1115562089
1354236716
2059177288
1997138219
234259313
2022864592
717224188
1065765763
806486791
292965665
275879822
550128131
609896167
1269326652
344906046
12210131
2060615211
1375850814
1549832404
287121191
1335599991
99683882
996055123
942299123
1826648437
1924699292
2022132554
332849645
2130069850
1630407875
1847008620
1775757472
1717822338
1597552693
1355540146
